,0,1,2,3,4,5,6,7,8,9,10,11,12,13,14,15,16,17,18,19,20,21,22,23,24,25,26,27,28,29,30,31,32,33,34,35,36,37,38,39
0,0.0,0.0001656858295930752,0.00010703579373525455,6.179983875343553e-05,9.204355148140816e-05,7.561700155808693e-05,0.0001295629606283514,0.00018699217131014372,0.0001331895749224169,6.758721600015959e-05,0.00010592570588152646,0.0001294702047951234,0.0001129947480006777,9.415458584473391e-05,0.00013117754119325363,0.00023393600379883794,0.0001524197620846666,0.00012811923035071346,0.0001142111576366243,0.00010956490035250364,0.0001300177497081511,0.00011694906026050518,7.442658813234084e-05,0.00013340319284139526,9.419424070029482e-05,9.961644895905437e-05,7.152214175414341e-05,0.0001195761091179772,8.865186616767581e-05,7.699691001310283e-05,6.753409588613513e-05,9.669824593080792e-05,9.834988436092743e-05,0.0001131949821141171,6.834426854730007e-05,9.668841091439917e-05,7.55601896144974e-05,0.00022385430211769455,0.00011171715157935352,0.0001296233664203045
1,7.483849977360483e-05,0.0,0.00013107260521545404,0.00013416660314456724,7.358642487354518e-05,0.0001063341318846292,6.879763725957996e-05,9.030545384527588e-05,0.00010949095298264956,0.00011677792853065369,0.00012046958766148903,0.00012788607251028582,0.00012599198831593446,0.00011609249912990776,0.0001520383382523792,0.00019613577116082962,0.00018186388839124492,7.434809197211192e-05,0.0001676855169572299,0.00011273032152260594,0.00017670737701678792,0.00013394418862257542,0.00014787575556535906,0.00012570754187021785,0.00011251407598022455,0.0001350717431922012,0.00019229641513515756,0.00014424390144990315,0.0001337596163458459,9.931016210252202e-05,9.536700371537136e-05,0.0001346617758688971,0.00012142168373637525,9.857180294218894e-05,7.269457835598289e-05,8.891099152683634e-05,0.00012862089005058315,0.00017465619202278163,9.4201058608754e-05,0.00010542098779607665
2,0.00010444946532293795,0.00018176520393902134,0.0,0.00016866978065611384,8.488116307742838e-05,8.047647459428215e-05,0.00016159839284277293,0.00012102769705071196,8.95719972134995e-05,0.00010132677685927354,8.28405240991431e-05,8.036553870521842e-05,6.669273583971166e-05,0.00014473169378233905,0.00015640916125209204,0.00018842687622968863,0.00016238507862216208,0.00015420275076985483,8.551840515340981e-05,6.569108171179818e-05,0.00010795689574367808,0.00014156501013132985,0.00010750582583369466,0.00010107376463048184,0.00011712617980707307,0.0001644146284291615,0.0001471511823248196,8.285902609529227e-05,7.29020357926448e-05,0.00013194560385417937,9.03729631911286e-05,0.0001573479561657104,7.257171447987607e-05,6.610074149438771e-05,5.655925847701201e-05,0.0001225492214172085,7.396017464689465e-05,0.00011052306000372624,7.575791802006901e-05,8.094943894650458e-05
3,0.0001261529184536083,8.903390496921999e-05,0.0001268423300452641,0.0,0.00012190657011847877,8.484031145158006e-05,8.442302893811368e-05,0.0001008062969360313,6.219668124442662e-05,7.072628668462069e-05,9.246650460064926e-05,0.00012755166689259773,8.9546640282131e-05,5.660746375050574e-05,0.00013806468576560307,0.00013632270045569402,8.906696614699061e-05,0.00014235026256300402,0.0001447931632379902,5.627506242458959e-05,0.00016753701294760094,9.361289413758033e-05,0.00010573234459306368,8.453773642500603e-05,7.325353855900716e-05,0.00010817767721439646,0.00018011188089768316,0.00011473960549399957,6.994032312666605e-05,8.892265080561024e-05,0.00015137818576361486,0.00013588253843190508,0.00010562655965229713,0.00013446631406214583,7.863287625475478e-05,9.209962965406522e-05,0.00013032221327359517,8.376655819982111e-05,9.540665017550953e-05,0.00014968540826085442
4,7.649707715124601e-05,9.144860262673246e-05,0.00013710045824112893,5.079401862883552e-05,0.0,6.81084903249984e-05,0.00013005993548467773,0.00010084779426902673,5.918229314452068e-05,8.310581727319324e-05,6.45291847046554e-05,5.593578661172762e-05,0.00021786493410039294,8.905399211660739e-05,0.00011167681125072142,0.00015520053261724822,8.417353277659993e-05,0.00012335209991819223,0.00012768131007698981,0.00014158015332974783,9.293628872714466e-05,0.00013621496841072166,9.200134663876324e-05,0.00021966647242821597,6.243132396151675e-05,0.00011027427753622155,0.00014326844785913793,0.00014017813594639604,9.709489624047364e-05,6.505723615163393e-05,8.215532626863622e-05,0.00011895788459221725,0.00011838391990200808,0.00010122043045334552,8.75151921904529e-05,0.00012356593267415653,0.00013042669377739307,0.000140583646003826,7.44088484311505e-05,6.761912120206182e-05
5,0.00011224418958139438,9.748916280239554e-05,0.00010707135801377235,0.00010697183098483746,9.07654803439293e-05,0.0,6.653836371992287e-05,9.876448359737591e-05,0.0001436881189902592,0.0001375604536514221,0.0001079449181775349,6.021678143004844e-05,8.619815071640918e-05,5.9371792501292006e-05,0.00023775000526921048,0.0001385294699616971,7.42828749006199e-05,0.00010722989080629037,0.00010329638711868754,8.70808735010564e-05,7.561682361442815e-05,0.00011217548689690676,0.00018470723850816194,9.480444591496799e-05,0.00019850916074446267,0.0001227296875755134,8.535212576838257e-05,0.00011233232705485025,8.120397033424179e-05,0.0001047016534894993,9.651520685033973e-05,0.00014726817049172763,0.0001080824734339683,5.8832870182986725e-05,0.00010317287107258054,7.518667146653717e-05,0.00014677223228150657,0.00015697405403771445,9.451168391953688e-05,9.60385975521995e-05
6,8.99691661952052e-05,9.524284116323446e-05,9.079050598553624e-05,5.751081003020859e-05,0.00011901706040799342,4.464266349413374e-05,0.0,0.00012877995681575578,0.00010358972378838025,0.0001351703172659339,0.00010015240830189511,6.0419930271270287e-05,8.130201680079288e-05,0.00012432136975161614,0.00014792297502632754,0.00019767662250371352,0.00021194936429904014,0.0001477524902230172,9.458828281957282e-05,0.00011446644056687828,0.00015048923449771632,0.00010895031999482453,0.00016026557818733534,0.00018845718796216312,9.378441010496137e-05,0.00018958587930981987,0.00011193330339140713,0.00021609880219867263,9.145808178528764e-05,0.00018137762231378997,0.00014407795456645458,9.752723843848231e-05,6.703685795848444e-05,0.00015082686150974438,0.00012059299525497652,8.891665205863864e-05,0.00012711878570653205,0.00018154386455527052,9.377040290444369e-05,6.098945462904437e-05
7,0.00011472738150978939,0.00012918939371494832,8.342305433966229e-05,5.8075209753671885e-05,7.162290802529903e-05,6.930422137885757e-05,0.00010213427075379087,0.0,0.000101817602173582,0.00015610395126812213,0.00012706746345666873,0.00010747619777608892,0.00016515846483625547,0.00011230908402304302,7.829771055510273e-05,0.0001771970457673234,0.00014376690766786197,0.00012252808408643842,0.00011028267330664057,0.00015065417811981153,0.00014010252162838645,0.0001235654107115523,0.00020479673882775116,0.00014686327434525868,7.509916761107473e-05,7.292512386031519e-05,0.00014095288317411198,7.166154122481505e-05,0.00014008432653676503,8.478231347787409e-05,0.0001237518398587459,0.00014152552373441333,7.583197582775012e-05,0.00013612396970318148,8.39844315458036e-05,0.00013193967509084504,0.00015351353285978595,0.00017727106716354329,9.223396218622648e-05,8.124365225544235e-05
8,9.290343132009226e-05,0.00016643521732995334,0.00010304425371589492,9.148012120826121e-05,0.00010432365925680004,0.00010220190855404522,7.929532918053968e-05,0.0001512498842918497,0.0,0.00011218903517588848,0.00014106605114102264,0.00015139867521982842,9.352646229030087e-05,0.00010625462151089561,7.860830365452368e-05,0.00013781744566363166,0.000145271178398559,0.00011071945958843723,0.00013992669655308842,7.043026624871036e-05,0.00021028865811727494,0.00014403670863153008,0.0001484098784041494,0.0001472568209642493,0.00011387334924669378,0.00010750982168516354,8.99350782087127e-05,6.46231471220001e-05,9.239695229118908e-05,8.888545729059965e-05,6.057013952966157e-05,8.532724437747091e-05,8.681486842469698e-05,0.00011021396524434674,0.00010766959670286509,0.00011139225050539129,0.0001099371212280402,0.00015620162116443737,8.101350452603616e-05,8.820860960886452e-05
9,0.00010703245575791738,9.8538637892344e-05,0.00017336950576543166,0.00010957142578688821,8.812531578878125e-05,0.00010192103465185055,8.970665732886663e-05,0.00014175830871959665,0.00012512911116762976,0.0,0.00013578667562413587,0.00011392935051066138,0.0001100856020273414,9.611996163764624e-05,0.00017206752897257508,0.00024986411286885335,8.208781421104974e-05,0.00012477844785089353,0.00011675332953134271,8.89326950082474e-05,9.942122046524705e-05,8.424699802407368e-05,0.00015819499595815065,0.00010853987806952384,6.470952597537822e-05,8.926908707154014e-05,8.267366734441063e-05,0.00010865904546447549,8.196516743453895e-05,0.00011602519337293113,8.49288645049956e-05,0.00014445717594841192,0.0001494392436150697,8.31605689766439e-05,0.00015366999359097728,0.0001148901969762701,9.210990754089804e-05,0.0001333459346324141,0.00012144969656363618,7.71325816695649e-05
10,0.00011245914553494786,8.99444605280183e-05,0.00010008607507342095,0.00010349042645971062,9.585989671395128e-05,0.00010021988059568431,0.00014811291176485022,9.154430520043803e-05,0.00015462690144670428,0.00013786752853884625,0.0,7.722600233168051e-05,9.894840615574966e-05,6.652331071116926e-05,0.00014907645982254077,0.0001368186563140733,0.00012248917090095833,0.00020439292447947566,6.854926002309698e-05,0.00015667603875916744,9.454176205284849e-05,0.00010770526200794863,0.00016365912767541822,0.00016010501486486375,7.923520864812991e-05,9.024489062238166e-05,0.0001257465213624742,8.936877635554218e-05,7.859992734849701e-05,6.565816955619035e-05,9.124849549086086e-05,0.00010887370363561871,0.0001122946263609724,0.00010091650204394653,7.06354862229691e-05,0.00010685326267596289,0.0001353687994767355,0.00013721098815432854,0.0001692224153869545,0.00011753349742991064
11,0.00010186217416858462,0.00013031336316073275,8.099182354380574e-05,0.00013318828357212787,0.00015838443834930872,0.0001737965784482816,0.00011824592118381094,0.0001092788922111887,0.0001373191584374926,7.717492720687382e-05,0.00013336503226451553,0.0,8.930485184930511e-05,8.475532317682907e-05,0.00010656538741029026,0.0002167028572664691,9.608479037117198e-05,0.00014732706440439872,8.323283770573227e-05,0.00012078478539598913,0.00020151381530094433,0.00012794485908851764,0.0002537339179708078,0.00011236020265419054,0.00010349190454487406,0.00012571319828256512,0.00019631181382814063,7.512569678093392e-05,7.695006194855229e-05,0.00010224167755722129,8.11723836207529e-05,0.00014042562992641017,6.163639559896649e-05,0.00010007572008582755,8.177571225523614e-05,6.468491422043307e-05,8.681469992172054e-05,0.00016452273950411602,0.00012579735076943778,8.019169476773274e-05
12,0.00011633527135621232,0.00011061564655471275,0.00016469619119837442,7.110415538050198e-05,9.614621332927082e-05,9.79625455764218e-05,0.00012878884685492106,8.15095299099181e-05,0.00010955043736470921,0.00019734792428556554,6.440707493027499e-05,0.00011363905817358611,0.0,0.0001338262864764455,0.00014899736341124958,0.000156276470613534,8.876707184264046e-05,0.00012291570667483386,0.00011683609459673362,5.7091266758514034e-05,0.00014680430671277448,0.0001243954694365479,0.00013231212156282796,0.00010137211379238379,7.302888566544701e-05,0.00013478334225795497,0.00023369708669043995,0.00010197330647937203,0.00011479698312040033,6.0606499402361345e-05,0.00011907504948638955,0.0001317835571957612,0.00010165665289883591,0.00016123077398863607,6.009649914203611e-05,0.00016786671380427363,8.838255679615624e-05,0.00013763186403858575,0.00013309002856260214,9.2201906775945e-05
13,5.294353681741425e-05,0.00019916085935169612,9.954759471946843e-05,0.00012008023878533145,5.637545452318349e-05,7.733390768827865e-05,0.00010215942572697412,8.262093783696114e-05,0.00012209480348239463,0.00011968096158008549,6.849507685287813e-05,7.095575292072421e-05,0.00015971639380239197,0.0,0.00010848149375576383,0.00017365041759425702,0.00012014264563120753,7.12680741901515e-05,0.00011574726196378927,6.970184931528484e-05,0.00014890294976255606,0.00010681314157401641,0.00013832749474348828,6.388933285634963e-05,8.564307418024796e-05,9.06696732025302e-05,0.00011407074075853982,9.39382262326939e-05,0.0001180625064447303,9.041222849425195e-05,7.187048218369664e-05,0.00011685815210589999,9.897446403842473e-05,0.00011785317043051426,9.212751712893018e-05,9.030034678281175e-05,0.00010671884737003837,0.00015300969667830246,7.975821550158399e-05,8.840068779544037e-05
14,6.485223643372265e-05,0.00012809791914366513,6.312846678348014e-05,0.00012300811984142931,9.539662751951384e-05,9.457750784011919e-05,0.00013444939027713813,7.693532694385579e-05,0.00011796873244181336,0.0001529914616750609,9.69479245605193e-05,7.522407055914994e-05,0.00016258965706004451,6.511719760036936e-05,0.0,0.0001464960106750248,0.00011111393421361698,0.00015198700792261376,0.0001372994154778407,0.00010074463016452765,0.00010754635400344204,0.0001625301744014448,7.625008214782791e-05,8.766206451961844e-05,0.00010065821202131401,0.00010008954050335445,0.00018462524955073593,0.00012381598374769145,0.00015406351951147715,0.00012285794310902068,9.070563941578857e-05,9.841364511055221e-05,0.0001346094117392298,8.505248238475184e-05,0.00011837927072669768,6.8726964435169e-05,0.00011547471523696286,0.00021469520552478503,9.473416077332456e-05,0.00012343132457712843
15,7.085094547214676e-05,0.00013868140999231702,7.243866292606624e-05,7.457962268081409e-05,0.00012808585464217672,0.00014356433280496964,0.00013368081862702457,0.0001248973319749573,0.0001333322881931947,0.00011274343011147641,9.341346618615758e-05,0.0001178465929551192,0.00011457011782625424,9.564912777234033e-05,0.00016091460207595621,0.0,8.050583547971434e-05,0.00018494969909364233,0.0001453483708182534,8.685173212954511e-05,0.00020295233305627657,0.00017288166037410227,0.00015471896135924973,0.00016920172468229492,7.472306944815954e-05,0.00014511430518293573,0.0001335588770783086,0.0001265962768235612,0.00011155429385420632,8.377306324903669e-05,8.021251030527812e-05,0.00014021538775086756,6.203177090854641e-05,8.517619802112509e-05,9.52230384938707e-05,0.0002130347303526308,0.00012910452939248203,0.0001173427738115699,8.548158277096217e-05,9.913447364217727e-05
16,0.0001371622442427753,0.00011227302288372752,0.00011224667937009627,0.00012298405608983864,0.00010019860927532108,0.00011880160323663777,9.298862426699442e-05,0.00017931356705254946,0.0001347457653896417,7.216330939700153e-05,0.00010810489974778655,9.532955189793728e-05,0.00012479569281330605,5.845262238124439e-05,0.00011114441729151363,0.00023878287380079563,0.0,0.00013983820134775491,0.00013416352584934353,0.00012020119047502617,0.00013258855828851576,6.274038319375707e-05,0.00014492606924166866,0.00012386659296027285,5.840903327649994e-05,8.338498665310588e-05,0.00013368137796784704,9.520662934116692e-05,0.00010328593375527992,0.00011181218181568536,7.995748033105947e-05,7.267052972296817e-05,8.057950469814524e-05,7.213181028470742e-05,0.00010988524605992364,9.918970207400325e-05,0.00013023431765423965,8.588840228779463e-05,9.191864469423457e-05,0.00010378316921219357
17,0.0001013873677032604,0.00010289310625458043,0.00015218522886385866,8.527386860363152e-05,0.00012651442256332013,0.00010195508267903912,0.00012400412531213135,0.00010060371927162797,0.00013100230884338185,7.794762911021628e-05,0.0001199096168555683,6.860400231057824e-05,8.856176032917144e-05,9.535476376559811e-05,0.0001994914761543904,9.667965899629909e-05,0.00018078781736947464,0.0,0.00014726451141327464,9.238011899564493e-05,0.0001353418223249408,0.00017080048871057633,0.00010050175826950669,0.00010602206144878457,0.00011579574567125086,0.00020372474742984966,0.00018073297803250063,9.149482517240736e-05,5.852359851984846e-05,7.240060731889529e-05,8.609712557129255e-05,0.00011441595798579708,0.0001324321638276972,8.272984337113823e-05,0.00010811275338964433,0.00018724358804759735,0.0001212812339069939,0.00015017853890159468,0.0001485267263656743,8.818335476291408e-05
18,8.410388050503219e-05,9.226818502002718e-05,0.00011253530128393672,9.461179560283942e-05,0.0002063473703652152,0.00011990484347503661,0.00010804797533633722,0.00011947242014710668,9.685902397146781e-05,0.00016503544888941827,7.559440421275561e-05,0.00013363264259068236,0.0001269282676624776,5.5287462120657056e-05,0.0001796209545357372,0.00010547644988414071,0.00017014460553919821,0.0002490502858345407,0.0,8.993097060472734e-05,0.0002163794249817774,9.856979940709718e-05,0.0001241292779153556,0.00015844460077797833,0.00010184104068758818,0.00014339435378796694,0.00014591475567763776,0.00010448587315632447,0.00011806660620521472,6.442337759779895e-05,0.00015986451449009233,0.00012843804271986313,7.766316172145069e-05,8.63368512738191e-05,9.042366909171694e-05,9.612623444834101e-05,0.00010508371748041926,0.0001451485098605436,0.0001105237782323077,8.637148781421715e-05
19,7.667783913458602e-05,0.00011646823829344452,0.00011881867826812764,0.00015941083984027937,8.828501252159972e-05,6.0522098427300484e-05,0.00013848890301138619,9.840494998498433e-05,0.00012645661863036644,0.00012888801203587606,0.00018584326680229837,8.259205556759802e-05,8.673913369327212e-05,0.00010287577217682053,8.667121185536719e-05,0.0001996353642442899,0.00010387954337346696,0.00013527648316285587,0.00010199563300585447,0.0,0.00014605543515925384,0.00013617847708480296,0.00010924433614769868,0.0001188575863955736,0.00011572811996008344,8.618113703446587e-05,0.00012890933699030558,0.00011024898844948774,0.00014519210967912666,7.659470789729408e-05,9.660112363631366e-05,0.00011887742679075735,5.726951159237017e-05,9.1030470560077e-05,0.00010649252021773048,0.00011929613526911075,8.60072211673567e-05,0.00010822743108460903,8.167163638705096e-05,9.51170506096189e-05
20,0.00010068046468452704,0.00013803909268179403,0.0001031574215135156,9.14304815781804e-05,9.708034104858617e-05,0.00014378851536012776,8.611164034414533e-05,9.858647946643943e-05,0.00010466508044082478,0.00012021626325480275,0.00013634992047493346,0.00013987461611651342,0.0001334273559886301,7.809350624424291e-05,0.00014100629784079708,0.0001767443527258034,0.00011853856163721854,0.0001298251292348104,0.00013646949991389696,7.113725922472112e-05,0.0,0.00014628910713218238,0.00018224443460536455,9.292471966616656e-05,0.00013813127067853275,0.00010712325419554746,0.00020907454541971174,0.00014094987481508373,0.0001955604088988333,0.00016248788280533361,5.812402078842393e-05,0.00013020992714705656,0.00011784400594248879,9.519965755358314e-05,0.00013540231846772833,8.08689121486008e-05,0.0001233122269608417,0.00015761336047445955,0.0001005125842046028,0.0001325851669701805
21,0.00010667295492418843,0.0001682361159867964,0.00010993934745104956,0.0001327277755894328,0.00010695923826134447,0.0001806998370853468,0.0001346326156320754,0.00010320852454699424,0.00011084200112467885,5.960605830595941e-05,8.56137424278478e-05,0.00014681954552936172,0.00016983032007409455,0.00017312247578930734,0.00012105416254212465,0.00015880063724278267,8.194456665963827e-05,0.0001797447719446138,0.0001799220972380676,0.00015453112357557438,0.00025052632976825295,0.0,0.00013480856350461508,0.0001007298135464652,9.091285406310426e-05,0.00011104973639207735,0.00018165843011887404,7.821928296724443e-05,0.00012787236721628503,0.00010034054652391594,0.00012771379833953253,0.00013420143169607797,7.402065547011722e-05,6.879176439388507e-05,6.470124223563795e-05,0.0001238312173701983,0.00016522245906093645,0.00010435119469194103,0.00013568624089871676,9.567427922710844e-05
22,0.00011473122364471312,0.00011666086488056958,0.00011580423254492901,0.00010525925643543429,7.292280694808023e-05,0.00015792935591061772,0.00017521534048067064,8.986551566037343e-05,0.0001616662156918114,0.00016831096430441162,0.00015526953492324476,0.00018526794478287026,0.00012221463151222662,9.771152428205053e-05,0.0001208547290674091,0.00023638896799192452,6.739517861646033e-05,0.00016282750205261494,9.959780255144497e-05,8.92089018756386e-05,0.00018459374400261167,0.00015728772188259283,0.0,0.00012909962391531522,8.989922882690785e-05,0.00012505532430706463,0.0002191341923947092,0.0001261421909900202,6.78123029621368e-05,7.52807914557132e-05,9.312069760359679e-05,9.396276365366878e-05,0.0001041239911243185,0.0001397566241314526,6.239565768877132e-05,8.286777552725006e-05,0.00010339184944770594,0.00013520987202632302,8.979408367578859e-05,0.00012675305755518613
23,0.00012499098149366895,9.130507861682851e-05,0.0001578720074572779,0.00010327124045940592,0.00012790404389504992,9.574949288014542e-05,0.00013690426007381782,0.00015508687829028512,0.00016710572253672318,9.670481881845641e-05,0.00011966717487085744,8.946358581631109e-05,8.748372893739726e-05,0.00016707041200107636,0.00011503282920746963,8.709965779904046e-05,0.00015194403871942718,0.00016491970352416164,0.00012021170273957398,9.382559634545165e-05,0.00012982858330161463,0.00018219071734872625,0.00012872915315092684,0.0,0.00011994768760453769,0.0002092056065159871,0.0001225995754437933,0.00011263072395167493,8.587667767381216e-05,0.00012331853864978523,9.964645894032705e-05,0.00013716174016521426,0.00019201990249415775,7.547639953437736e-05,0.0001292081639595763,0.00010240867837214752,0.00021411189964722915,9.605763670678521e-05,8.740143831797615e-05,7.387273518517766e-05
24,0.00011804634128379487,6.504965734987223e-05,0.00012830482936811199,6.548657615533011e-05,7.848741352703763e-05,8.171987209730485e-05,6.412308493703784e-05,6.900525957691645e-05,8.959722904652456e-05,8.353401871350987e-05,7.825108310737098e-05,9.796726869497091e-05,0.00011450818965216567,9.331427585049706e-05,0.00011593693049942432,0.0001334944636974659,0.00012055211511296684,0.0001229168077084666,0.00011560483595903416,6.043413829521347e-05,0.00014223405095375836,0.0001604961423488439,0.0001837420850987274,0.00010978582474997676,0.0,0.00011496482350757708,0.0001895887989642476,0.00015934055075147752,0.0001258723009575351,8.047412143212891e-05,0.00012071818396952327,0.00010694265699018804,0.00017778489101725223,6.519182456569598e-05,8.605747041057775e-05,0.00011575798807723735,9.742955929573553e-05,0.00011877337773704127,0.00014396805017556806,9.415145800366272e-05
25,0.00013634696443003326,0.0001416173102362195,0.00018738514720670267,0.00014809759038668125,0.00012277808681948848,0.00010844656151503918,8.07720033831123e-05,6.874256684333285e-05,0.00015384609933558326,0.00012142034530704216,6.935247930607219e-05,0.00011760060915801342,7.85633322716519e-05,8.470937488369199e-05,0.00017362381077523338,0.00017279047059148275,0.00013634266972249983,0.00019584361725980597,0.00014000295711264556,6.50475073086594e-05,0.00019237986314715047,0.00012224696214913208,0.00012520072829765895,0.00014835578973766686,0.0001074171412081601,0.0,0.00014242953947890248,8.138090132064092e-05,0.00012461569793036098,0.00018316560291680852,0.00010663297758628927,0.00015286319979180207,9.843517474845345e-05,8.522512916318285e-05,0.00011449147932958178,9.513458735265161e-05,8.644169469261749e-05,0.00018244512918406443,8.820384476995329e-05,0.00012094119317037342
26,0.00010397086012963956,0.00016848827182486582,0.00012231681279057345,6.076842666588993e-05,7.771986684411552e-05,0.00011363521983212815,0.00011346115686223837,0.00014232852758684148,0.0001338033686757056,0.00010523521347796704,8.240073192416197e-05,9.294248008747447e-05,0.0001116413450186397,9.92107045905254e-05,0.0001385547700547254,0.00017976305265211113,0.00010395223581075289,0.00014769223921101956,0.00026814828182086835,6.77026633838338e-05,0.0001764114964761986,0.00018351066380139946,0.00011348615600867877,9.763778281353963e-05,0.00017242841968540044,0.00016941289867712422,0.0,7.247644267756839e-05,0.00014319419309557842,7.181623807746636e-05,8.917697959984516e-05,0.00013473134378953397,7.499124277102453e-05,6.486099250658302e-05,7.065385853448328e-05,9.209386525817322e-05,0.00010822226829879321,0.00012778635989773568,0.00010434714914835466,0.00011608096646491611
27,0.00011366001476943395,6.550481213202474e-05,0.00010961655044858968,0.00013208553924814396,0.0001250761992823373,8.913348068525338e-05,8.54841360924332e-05,0.0001378337710382639,0.00010581302433832318,0.00011490143050523892,6.434933001468121e-05,0.00017009515884135526,0.00014144108979234892,0.0001534446055048366,9.459004358317322e-05,0.00012084828976199476,0.000168235565937784,0.00010657125773891283,8.386509993175131e-05,0.00010195088836095644,0.00018336670603942264,0.00015244582761554887,0.00012110691254977373,9.774766542846649e-05,9.88159542129806e-05,0.00010754692098640513,9.091933083227766e-05,0.0,0.00010216865980618637,0.0001228339368889011,6.434076765432007e-05,0.00012668893903075424,5.1417336696855806e-05,6.063779874734851e-05,9.602676819919853e-05,0.00010971747174595323,0.0001451875090015184,6.488432435514151e-05,0.00016755935785738965,6.857576921346427e-05
28,0.00010682653835586638,7.475109808765314e-05,0.0001501539436261606,5.359022726785463e-05,8.283597413265233e-05,7.498688721930817e-05,7.819027077597911e-05,7.03651461788932e-05,8.664063197543732e-05,0.00010591144446498392,0.00012257748256364425,9.882314671115643e-05,7.669847905890668e-05,0.0001003954238882405,7.924491029610633e-05,0.00011033749772359782,0.00010804138968812387,7.55167094133882e-05,0.00012697649380939913,5.821223052266204e-05,8.157798522542569e-05,0.0001221178425167827,0.00012710226942695265,0.00011932552029218454,6.353703675835215e-05,0.00010840426396829674,0.00015043921255777963,0.0001231103570680722,0.0,6.851973468133966e-05,9.352133390239907e-05,9.931367570679025e-05,8.695286387274788e-05,0.00015627452546267186,0.0001393001472346896,9.99455608744558e-05,0.00017272388346109026,0.00018931566687192317,8.677280480371251e-05,5.863452905522043e-05
29,0.00012361754418116675,9.317057892271955e-05,0.00017085617943178615,0.00010161909583871335,0.00011016862915489128,6.531515849979916e-05,6.258559580998586e-05,0.00015814476547357286,0.00015813102512818205,0.00014323869232971587,6.354945383964932e-05,0.0001164679674587361,0.00010227195775149898,9.3395564390925e-05,0.0001483498687722726,0.00019037624915461067,6.906611522931466e-05,0.00011765690290647212,0.00014939675130061224,9.925795499959372e-05,9.91225227795071e-05,9.761697152710519e-05,0.00016305827201637074,0.00018099846308133562,8.90240192375097e-05,0.00015511217613114415,0.0001200361457094215,7.499580534942068e-05,0.00010663608792576826,0.0,0.00015603180157190705,0.00014494593427720503,6.876246695407838e-05,0.00011241602547679716,5.8907174871433296e-05,0.00010923216248870287,8.524843210470138e-05,0.000144291718667698,0.0001218853913374267,8.362557199417471e-05
30,8.993645519268991e-05,9.377051882949821e-05,7.836356979856366e-05,0.0001175751736092276,0.0002035858331265155,7.884926875617171e-05,8.656053795925733e-05,0.00013548336236591623,0.00011522483768522316,8.036636942139309e-05,0.00013687914164387224,9.764213267952721e-05,6.989174197083072e-05,8.046683351067916e-05,0.00012723924940838803,0.00012736977895244026,0.00012000229290594492,9.973946269419267e-05,0.000142331411106962,8.448937136657947e-05,0.00021051096326200018,8.726686690188162e-05,0.00012313956000825675,6.645336535724727e-05,0.0001302237201803935,0.0001453473664215461,0.0001630437000615765,0.00011019878788038881,6.746332272060693e-05,6.187195942837791e-05,0.0,6.477008949239375e-05,8.006542130475593e-05,0.00016076988681656493,0.00010615817578111386,0.0001240118013766449,0.0001082080778055255,0.00014370099802764043,0.00014110041849310564,5.388570314942716e-05
31,6.851613050018574e-05,0.00013176991051206687,0.00012161438141261318,9.25576362516944e-05,0.00017791677052060259,0.00013942640761674204,0.00011127793007605269,0.00013292890035723794,0.00011260934314563505,0.0001289311654640181,0.00010897787324491984,9.542999757704999e-05,0.00013793801985875553,8.70707282795793e-05,0.0001113399962589499,0.00010720626510897327,0.00013951070505516627,0.000242476135208315,0.0001228723629727649,0.0001363710752925378,0.00022616991221813796,0.0001864068985248866,8.585063318201211e-05,5.9207112873931465e-05,0.0001325672321353108,0.00012527976671962315,0.000175504459633379,0.00012018650566372224,0.0001231095673258065,0.0001233456852425296,0.00021871669409818077,0.0,0.00011403101598139867,0.00010178333013116637,0.0001126275862657132,9.651259836293304e-05,0.0001727091344808942,0.00014983749528703786,0.00012044290185807845,7.148038454485047e-05
32,5.974356772661209e-05,0.00011186849334067314,6.0128430352561256e-05,0.00011576217424934303,9.207124423236536e-05,0.00012233214645803993,6.828259792446365e-05,8.817654846831814e-05,0.00011237260287696564,0.00019730538239664077,8.698136250989096e-05,8.938115485390032e-05,0.000135110873051747,0.00013171497918228395,0.00013799595404752154,0.00013017879334672366,0.00014420853279346597,0.00014342436105753507,8.940767671936133e-05,8.548045927334776e-05,5.6946544346206104e-05,9.25419433562959e-05,0.00017039818012106817,0.00011539580272153638,8.896016039527829e-05,7.797985186709864e-05,0.00013154950722015196,0.00010497486302717513,0.00010945241173555675,0.00011049017951008333,0.00010545340016857335,7.387928976219937e-05,0.0,5.18315011554206e-05,8.710348756105991e-05,0.00011480198325174867,6.25127674461543e-05,9.520084130020291e-05,8.165513893046299e-05,6.901437907786236e-05
33,0.0001317038241207634,0.00010589608824485926,8.698295642917618e-05,6.430972381507734e-05,0.00011893389853004958,5.21472350855606e-05,0.00017840656803083644,7.422116338057127e-05,0.00013084574110610862,0.00011544885188047297,6.795708383798643e-05,0.00012637616436500808,0.00012224329759624722,6.978560737546642e-05,0.00011385118337173027,9.565129676631089e-05,0.0001071946420192292,0.00010259667903895278,0.00018525375423477993,0.00014679332397203061,0.00010309098102669067,9.698929318485408e-05,0.00013402993613084914,6.490937206825644e-05,7.500250779168187e-05,9.857844260989722e-05,9.409854547103658e-05,0.00010000568171750512,7.416321449586577e-05,0.00011295661192881295,8.307258572531331e-05,8.803717767199872e-05,0.00010133606217175702,0.0,5.7373316852014706e-05,9.817745378531926e-05,0.0001328483057815836,0.00018602184019880867,0.00012650349299140514,5.809350688254086e-05
34,0.00013209937244220476,0.0001250859841823789,0.00011612292732347164,5.850201527753406e-05,6.922033489546515e-05,0.0001299397180043783,7.289159515588343e-05,0.00011765405712607614,8.801201089096566e-05,6.738940980096762e-05,0.00010685460209246699,9.342218105921317e-05,8.302854056803527e-05,9.470334019534924e-05,0.00014068723513876793,0.00016349916884130316,9.160482047069751e-05,0.00016907674749614633,0.00014431615219148158,9.121898616002844e-05,0.00013424792011067964,0.0001042172631117989,7.349952962588266e-05,0.00010069082886879584,6.778244875401409e-05,0.00012444860908092606,0.0001309987154555333,0.00018247188380673192,0.00017637447411611112,5.459770401930952e-05,5.662518425886447e-05,8.495676051890934e-05,8.544281688075131e-05,7.27729399455108e-05,0.0,0.00020669889313413014,0.00011897628603986419,0.00015488498050400952,5.945051893821037e-05,0.00012237000623417798
35,8.134739458016615e-05,7.702156395259635e-05,0.00012756706096367276,7.96631369996238e-05,0.00011910900583885006,7.843869752094478e-05,8.329114035374237e-05,0.00014676514000644725,9.51066247995234e-05,6.396275270409009e-05,0.00012871898165227425,8.601989865965272e-05,0.00012783946404209176,9.567667971759697e-05,0.000186382472099783,8.803894796424672e-05,8.952667717872768e-05,0.00022634123046554657,0.00013652305484775917,8.731878621438694e-05,0.00011064914631831123,7.489058407595615e-05,8.907153829448853e-05,0.0001309587867999513,9.178552965946126e-05,0.00011672765919571431,7.938347743835282e-05,6.319970751763575e-05,0.00013488732252538898,0.00011109082025957053,0.0001223109421919621,0.00014103966014994038,0.00010191340927659299,6.282570390276699e-05,8.977887349289135e-05,0.0,0.0001758388163206288,0.00011478457838981046,0.00011528718109285405,6.131742256136692e-05
36,0.00016395801029559483,0.00014034479034679288,0.00010153871097795198,0.0001383456095808985,0.00013121986204096166,0.0001140534486140653,6.202839333135591e-05,0.00019094024856190534,0.0002093691827677583,7.676321385438083e-05,0.00011352766384918366,0.00012756939832247977,0.00013724389986932473,0.00012670183623726667,0.00012516967883739982,0.00018280267524956406,0.00010005505898516506,9.696202130562828e-05,0.0001591286114746798,0.00010205910436454827,0.00010762906882465968,0.00013369334356107485,9.439682728558732e-05,0.0001200317540823387,8.65126627424263e-05,0.00016854053127253872,9.02967906553265e-05,6.333740894983155e-05,7.76266844044326e-05,0.00014118588725026262,7.298963590211154e-05,0.00010297629777477162,9.58647561879171e-05,6.191527037443666e-05,0.00014547787712205975,0.00017499905278896405,0.0,0.00010869281697979227,0.00013096969071569066,9.911136662203362e-05
37,8.678508303720082e-05,0.0001340417037384117,0.00014001798911499223,0.00012570618522139704,0.00010933574091177998,0.00012333034470636501,0.000110932153818376,0.00016638699609553646,0.00012591111682371157,6.624444612361353e-05,0.00010680797752684665,7.732655895098959e-05,0.00015740517548497264,9.66615413991322e-05,0.00015323118572489343,0.00018061778736983163,8.69767083230647e-05,0.0001663821115611173,0.00011745093425919752,0.00014374594217754857,9.677633369917623e-05,0.00015443173672730878,0.00014962985234013985,0.00016493641042309706,7.512658427831166e-05,7.86801861324025e-05,0.0001901754195621788,0.00010990988393864146,0.00010260033941324253,7.456557038955413e-05,0.00012843480171747685,0.00011428766565782226,0.00010251087749691447,8.488440293881726e-05,8.657447335079342e-05,0.00015586651002951214,7.523523558496607e-05,0.0,0.0001502709525175386,0.00010838230284137113
38,0.00012190809333280336,0.00012101584193648508,9.768658328746335e-05,8.200857918086403e-05,0.00010582798773927334,0.00010888499040924677,0.00014989346128554482,8.010132473011007e-05,7.154929179916071e-05,6.256793459666876e-05,0.00018086647025028512,7.570777348756619e-05,9.244209050057033e-05,8.796405021121778e-05,7.454485517723967e-05,0.00018577692586835826,8.17247764458038e-05,0.00017285579481797548,0.0001269431389951357,0.00013237639157020678,0.00010968537613418787,0.0001295559446069147,0.00015797099620932421,0.00010464506270908333,0.00013881610945160066,8.15729657403855e-05,0.00015024680798856626,0.00011127922477630441,9.378615641728276e-05,8.164778971346777e-05,8.258148736645961e-05,0.00013483850490405663,8.917034162661431e-05,7.801220346993256e-05,9.073634201381097e-05,6.500136885365027e-05,0.00013305800318023895,0.0002283576712332561,0.0,8.609825065539716e-05
39,7.163142770380037e-05,0.00014390318665968323,0.00011652469749431305,5.862123230349951e-05,8.490554794192197e-05,9.102184282813893e-05,7.91833513530768e-05,0.0001470215184658145,0.00014715472540418698,8.19701754208312e-05,7.459213007785053e-05,0.00011923623247264992,8.038786308432549e-05,0.00013514236945272524,9.411575091247696e-05,0.0002266722748009744,0.00010893733148748232,0.00022226039232212482,0.00016846803687029662,5.751730075538913e-05,0.00013323488371552492,0.00017446575481969387,0.0001481988586862487,7.642868880549614e-05,6.101974807517734e-05,0.00016054496887050773,0.00011481879274092486,8.242796703174357e-05,0.00011851088837277092,6.903013031069716e-05,8.954303750983606e-05,0.00014790892807697395,0.00012405208518990004,9.408354365672439e-05,9.549136653559876e-05,0.00012582643510525244,0.00013009427543090368,0.00012862303802383838,0.00011745975140071098,0.0
