,0,1,2,3,4,5,6,7,8,9,10,11,12,13,14,15,16,17,18,19,20,21,22,23,24,25,26,27,28,29,30,31,32,33,34,35,36,37,38,39,40,41,42,43,44,45,46,47,48,49,50,51,52,53,54,55,56,57,58,59,60,61,62,63,64,65,66,67,68,69
0,0.0,0.00016127592600167148,0.0001415705996032173,0.00013020164120536507,9.55713739704816e-05,7.964330909582911e-05,0.00010411861669002337,0.0001837292630998368,6.701783157994888e-05,0.00011365059481777927,0.00012017988142616849,0.00011467196283609495,6.479905226570907e-05,0.000145464759389593,0.00011222051680551621,0.00011885885433738411,7.199287911519493e-05,0.00011547296971492694,0.00011977660657686828,7.341483203754134e-05,6.01744672349426e-05,0.0001001145907199513,7.141960347589408e-05,8.476780787027462e-05,8.42813422382104e-05,7.617752784620899e-05,0.00012018700952985952,0.00018268840993287166,0.00012018834039431357,0.00013442897102797577,0.00011749558919379511,8.655436896214567e-05,0.00013652727552020133,7.303096395705525e-05,9.751882317340312e-05,9.375699926789239e-05,7.911201434255496e-05,8.041517053712676e-05,0.00010719178996969949,0.00013639812844194353,0.00010715477541648376,7.766129914138786e-05,0.00014227033348554853,0.00013571925752061905,0.00013684234677645724,0.00016206170457272912,7.297527732144617e-05,9.704761042490199e-05,6.702877522358896e-05,0.00011698200716065744,0.00012893608112247667,0.00010676039936118983,6.726020191518476e-05,9.609647542154596e-05,0.00010384666926904861,0.0002481180056446198,0.00015821760395473493,0.00010974717751347102,9.467094141459897e-05,0.00016297960982695697,6.331540784766912e-05,0.00011460635765982669,0.00013562998012094462,7.115406226051366e-05,8.114557165851704e-05,8.99739023344595e-05,0.0002038339539472491,8.747717505137101e-05,0.00012390004415544563,0.0001549768007831965
1,0.00013171701235753055,0.0,0.0001308637311989475,0.00012586677746152962,9.975363774342142e-05,8.135649825557554e-05,0.00011112111383420459,0.00029393712136205395,7.252043895671716e-05,0.00011785938307188813,0.00010538021733883325,6.1493104312887e-05,0.00010355216004710801,0.00013519501475041403,9.22136039648243e-05,6.988475167351626e-05,9.406038384794581e-05,7.17935295266128e-05,6.144331135753324e-05,6.882371262109081e-05,0.00011878489712089608,0.00011673508800525303,9.141816524783793e-05,0.00014330067085422687,6.250041477200042e-05,0.00013065934838317204,0.00012239294895650195,8.710464901172232e-05,0.00011803662771050707,7.770801641150401e-05,8.720440521160642e-05,0.00013257730097971865,7.691204315139154e-05,6.973073189990021e-05,9.20733458590427e-05,0.0001330235343306591,0.00012147947875483593,7.721432390112308e-05,8.740310460674117e-05,0.00010214562430503846,0.00012822768447313013,0.00014915147167394828,0.00012951855393150675,0.000107949230461226,0.00017623119538833184,7.808389805418179e-05,8.744361827929089e-05,5.614849875518699e-05,9.589305239698889e-05,0.00011013357051413936,0.00011325410224724887,0.00010570755394365732,0.00010587749663714752,6.774822475531266e-05,9.546074707821189e-05,0.0001067061766037965,0.00015328875503766687,0.00016204666706710522,0.00011328538380308332,8.921777088475422e-05,7.572557543779278e-05,8.211835864373006e-05,0.00014112456402255133,0.00010525762891593352,0.00010921414605693055,0.0001477244116183107,0.00011986820848401805,0.00021637211129890436,0.00015217649982449257,0.00017400699715314308
2,0.00012179896600172202,0.00020412995170195186,0.0,0.00010698827340963717,0.00011031195823770841,0.00018962422150923264,9.235295374853581e-05,0.0001374884069125035,0.0001670322604209891,0.00013976912812094043,8.060545048222264e-05,0.00011131783891579403,0.00010921107669499593,8.178319717984709e-05,8.008093643362733e-05,9.137640757982799e-05,0.00012678101783397254,0.00012773077554362834,0.00013131908828255018,0.00010224202713250576,7.736701003679932e-05,0.00012396916538668179,0.00013258582123820237,0.00015317218062708225,0.00011079278654968303,0.00010840608292588014,0.00012123916481919765,0.00011243762693494007,0.00016657316078409892,9.405310371728899e-05,0.00011891750116934996,0.000135647055049964,0.00017031297453431188,0.00012610831684305762,0.0001305569307754004,0.00013643996795297447,0.00016045875794247318,0.00012456718112277,9.209548745842213e-05,0.0001289802751185595,0.00011994908015476867,0.00017622534901581724,7.003147800415794e-05,0.00016837284951239255,9.370280540282621e-05,0.0001406553274823664,0.00010816529300567336,0.000137288139900737,0.00014944967962726463,0.00010721253672118649,0.00013848317255298607,0.0001222656849108141,0.00011384462664384447,6.165277424283411e-05,0.0001666866936443109,0.00013837174866807223,8.256182446232567e-05,0.00013988343429191543,0.00014294515020152692,0.00010344350643261818,0.00012835187863855337,6.147385655691306e-05,9.772669957490714e-05,0.00012178607442462173,8.810918600631978e-05,0.00010128160323788016,0.00012279235188346235,8.661714308053405e-05,0.00017567800024451182,0.00011934159628610228
3,0.00012365676988948963,0.00013573254408209986,0.0002491465353620869,0.0,0.00016161346283743349,8.55638188465011e-05,0.00014176674020603992,0.00014803863316285748,0.0002059076955575402,8.858365763890354e-05,0.00011057185848061866,0.00015717569293588406,6.6086993875107e-05,0.00012832346056198052,0.00020370554914018874,0.00016457749082394513,0.00012336269981771904,8.695568676761039e-05,0.00010978209775969787,9.964148220585725e-05,8.494570216806147e-05,9.994045174161754e-05,9.740726296754121e-05,0.00014405422972688607,6.446713216712736e-05,0.00015355550075277563,8.193245198783232e-05,0.0001086864403115215,0.00011883447045945103,0.00011543607795126028,0.00012781345603685504,0.00011007714976523088,0.00012013848355228908,0.0001225924550411092,0.0001282953327504957,9.56654366462337e-05,0.00011187145728464747,5.8255462274612175e-05,0.0001025727844782277,6.952018344057935e-05,9.183645130853425e-05,0.00011320048062076812,0.00010502463097792021,7.948959612973048e-05,0.00015978180045134505,0.00012475066725976884,0.00012293305797668358,0.00012539184990402116,8.589957701936955e-05,0.00011175932414342836,0.00013353000390975298,9.293961794230697e-05,8.009396061950544e-05,0.0001116143954501682,8.518237903425639e-05,0.00011416810665310769,0.00013021811512716294,0.0001552498284993794,7.451359489062942e-05,0.0001327371099783352,9.776002402247638e-05,0.00012282900906344845,0.000102103659317842,0.0001006303005329859,8.753483263855932e-05,0.0001356955935023742,0.00012324618012209064,0.0001478544594066938,0.00012991253399739826,0.00013169176747289226
4,9.814630789284081e-05,7.271026709534775e-05,0.00012454369297094489,0.0001510550714200309,0.0,6.176094721090493e-05,7.566227936860408e-05,0.00018361140373485862,0.00016469254875337838,0.00012953803393701808,0.0001021358326143131,0.00015913956328007401,6.283878247664809e-05,0.0001371951596338,0.000158839195797688,6.069628286210972e-05,0.00010468449874978633,0.00011385668958910416,0.00013322733581623832,8.383591542419562e-05,0.00010052917919437136,8.777345764141955e-05,6.883511240404487e-05,7.265997754517633e-05,8.364650313435215e-05,0.00011687364326085267,6.689828560135865e-05,6.86599862081384e-05,6.88480128191241e-05,8.03108506379501e-05,0.00015100612749528258,6.46433187702625e-05,0.00012689808377223873,9.67502385781777e-05,0.00010816779732354837,0.00021557439154211986,0.00010786050230691786,0.00015660885666362578,0.00010457195741132424,6.323440669558269e-05,0.00017598698989017096,0.0001411816315959506,0.0001260007326643862,0.00016070327383360078,9.239853570762943e-05,7.67914218206149e-05,6.707371972715599e-05,0.00016320876191451507,9.370280973447621e-05,0.00010327941764670433,0.00010344985897002149,0.00012095338818942514,7.443676003659e-05,7.625842702885226e-05,0.00011662750302727181,9.741380246610796e-05,0.00026236120544409676,6.508968109733259e-05,0.00012879465848149774,0.00015648665660577396,8.309978048037525e-05,7.92103375400845e-05,7.098680627013365e-05,0.00011904722953772096,6.954570933159174e-05,0.00010058198141304269,0.00016723709518778383,0.00011214531827363853,0.00011057187758180566,0.00014852999273611318
5,9.771480202849102e-05,9.44955997201861e-05,0.0001502699663874718,0.0001396927096342029,0.0001235502712835466,0.0,0.00012140129668245333,0.00014921364839673722,0.0001426398236887798,0.00012278433368832748,9.251174432260424e-05,0.0001276509409653832,0.00012942871027278902,0.00018717862574006185,0.00013173424871931345,8.95650324843519e-05,6.641607067649552e-05,9.640631938237036e-05,9.636631502916978e-05,9.945708657434536e-05,0.000102060546291299,0.00011001159506767663,7.89177777847589e-05,0.00013259236359857882,8.123079972022635e-05,0.0001391793285477107,8.726037253465239e-05,8.348504219519565e-05,0.00015411302833616847,7.129099981165632e-05,0.00015647139036356267,0.00010151135307051298,0.00015250514278022088,8.903297733558622e-05,0.0001118291533789341,0.0001837891108988052,0.00010019350928610815,6.311958163486023e-05,9.001575686802676e-05,0.0001304850847188629,0.00010613838431396198,0.00022644381253106855,0.00010151990076397368,8.068247923508498e-05,0.00014154985653582706,9.01303989686624e-05,0.00016181596038932476,0.00010520223833675832,5.730294371832597e-05,7.589938763340331e-05,9.289758162979768e-05,9.616546332894793e-05,0.00010881708624477601,6.25196923288501e-05,0.0001569813473151667,0.00011696187074132948,0.00013087704372908622,8.378969095826014e-05,8.273812752456877e-05,0.00013565085849974587,0.0001347221123812174,7.351983583772844e-05,0.00017930264547964952,0.00015922182036559525,7.621076364140737e-05,9.398480599745124e-05,5.900588424536019e-05,9.568818649508365e-05,8.36835736030458e-05,0.00011850279951484398
6,7.015370026013282e-05,0.00014246687786545782,0.000239743582476311,0.00012975720724904815,0.0001465392463345259,0.0001280288758230489,0.0,0.00011122372297893414,0.00013353938447439217,0.00013953982971794975,6.919862597780012e-05,7.901049404175334e-05,0.00018747068697990584,9.740569187279313e-05,0.00012316401649351404,0.00015658412039507103,0.0001160452660921011,8.619228083303866e-05,9.753424451481586e-05,0.00010042121273931857,8.275629005526128e-05,0.0001384143592119862,0.00013262221392441263,7.085817164653597e-05,7.784417706774455e-05,6.466964685910572e-05,6.869239246614532e-05,9.753523890700413e-05,0.00010159698946581058,0.0001214725352068161,6.547672462380768e-05,7.64450346105014e-05,0.00011270460973552731,0.00011155188133755456,0.00013380353237823605,0.00010135216253337279,0.0001007302502565753,0.00013132361456036495,8.820571501334553e-05,8.333510528453184e-05,8.288680022789348e-05,8.558470904494007e-05,8.104962055724734e-05,8.300386158667312e-05,8.04265399350496e-05,7.138804749056887e-05,0.00010914198624544357,7.369876332790754e-05,9.32557517481583e-05,0.00012048638545438127,9.021259562137954e-05,9.866426146725612e-05,0.00010920586667261453,0.00011545919969923268,9.75916332567752e-05,0.00010466028363224987,0.00015273954175649664,7.303872022826677e-05,0.00011867543887202491,6.936055202621753e-05,0.00015323946675741237,0.00010845568871547644,0.00016013620120695346,0.00010679542145196162,7.688081319293138e-05,0.00010827183684446042,7.927040546141418e-05,0.00013956733802834335,6.705344259321354e-05,0.00011928396008568442
7,0.00017221131533274263,0.00010918366941152372,0.00010403420739950382,0.00010776434769301727,0.00013148458226344613,0.00013464369442355356,0.00011427865029971451,0.0,0.00014903093621373943,0.0001513471601599638,9.013827454522153e-05,0.0001375054328039585,0.00017778007165370662,0.00011007423598130477,0.00011005793396635402,6.237771451442419e-05,0.00011514851993791197,9.03379950184085e-05,0.00012889128964948185,6.609398813583335e-05,0.0001832791057685237,0.0001236716120184429,0.00014008548893080914,8.600546174937433e-05,7.939813657363933e-05,0.00010091159149389357,8.29512893628096e-05,0.00020461986715447901,6.68685097390198e-05,6.905653423701838e-05,0.0001536374868535663,0.00012745105027895358,0.00012147791410985033,9.903014327714365e-05,0.00014879517760557536,0.00016347541332280125,0.0001816945826971085,8.354758080760057e-05,0.00010006481148139797,0.00016525290596483536,0.00015326731954860655,0.00013967631829806549,6.94794888157825e-05,0.0001950402988150596,0.0001310896891884833,0.00020976704193290824,0.0002145019913856328,0.00016214423967840093,8.252827069772489e-05,0.00011353553163082721,9.242355113493484e-05,0.00010399933647356343,0.0001334529782766463,0.00010975938169569285,0.00011625730439309448,0.0001331309517647346,6.781228960583708e-05,0.00013175043624519817,9.561905465695457e-05,0.0001462371106610743,0.00011781259046535974,7.916212635284793e-05,0.00013167519143930724,0.00012651356539720066,9.26263665580165e-05,0.00013899961589973516,9.653844053868404e-05,9.489972186654922e-05,0.00010159989057393965,7.089329554977321e-05
8,0.00016390843284329532,0.00014801911009173897,7.557223000018383e-05,6.725309615382221e-05,9.662167035518473e-05,0.00012038895952547859,0.00023429104233286185,0.00016101544112386815,0.0,0.00016766246026238035,6.142759005791284e-05,8.31969354464266e-05,8.834628613165022e-05,0.0001479328256502767,9.501173858098178e-05,9.363616052114345e-05,8.627677518753937e-05,0.00018881816492031592,6.688117729284552e-05,6.405591038613635e-05,7.80687983765251e-05,0.00011522142581338247,0.00012716122901731345,0.00014403743753659256,0.00012838679229714553,7.215047555497191e-05,7.787378635329527e-05,6.306704270984892e-05,7.54216937292055e-05,0.00010200031324890923,7.981404507369141e-05,8.894147982419026e-05,0.00011921688557725062,0.00012190182308746576,0.00016342727994348517,9.294023884190436e-05,0.00010905173279888038,0.0001251017799695983,9.928220592992496e-05,0.00011187816617768861,8.107849850459436e-05,0.00011954573019993836,0.00011370264063135713,0.00012127311197865053,6.095100208621249e-05,0.00011339531588171752,0.00016866727533602368,6.096483428741659e-05,0.00019578343091873065,0.00012164002523328618,6.571889615979371e-05,0.00010031539245480673,6.835051645296635e-05,0.00010612705344469701,8.949168691929856e-05,0.0001346720515590439,9.338221993028736e-05,0.00012715022111042486,0.00012000458216526134,0.0001179671952639542,0.00010149528088365287,0.00010872150661363931,9.428220358786974e-05,0.00013070197405799477,0.00013060040292777424,0.00011276229098815091,7.488752776065824e-05,9.568481475810776e-05,0.00015281313360696356,0.00012490369615448155
9,7.9218348620994e-05,9.509519737243254e-05,0.0002429640678047868,0.00012633231834752596,8.943836032821747e-05,0.0001259821427752797,7.553877841299927e-05,0.00012256047881657834,0.00016043211065506095,0.0,6.453365178019384e-05,8.118344850596986e-05,7.94822387896798e-05,0.00011879046208203668,9.8932777893453e-05,0.00015865438798422847,8.871121832329224e-05,0.00011990902629981453,8.00510057121058e-05,6.594161780457884e-05,0.00011192375405149447,7.489220422405997e-05,8.890284053110314e-05,7.073928567059524e-05,0.00014511396215816997,0.00015290824411374874,8.506231512042004e-05,9.51959181431872e-05,7.518207997404247e-05,7.942553614330031e-05,0.00010908529763243925,0.00014419215066948754,7.593194219001313e-05,8.096121931415866e-05,0.0001587822779130361,0.00012583389279288132,0.00011832619260566696,0.00019971748830245622,0.00018424437519797593,0.00010028587380930202,6.9797474437126e-05,7.982898038980643e-05,8.638908297724918e-05,9.17971371120665e-05,0.00012098322393540467,8.946930326507529e-05,0.00010944322916173477,0.00010742030872029447,0.00017780352266451183,6.799322179879993e-05,0.00011481796225166535,8.05487757783367e-05,0.0001231202403599974,0.00011480954626421768,7.737656672973526e-05,8.572299349329753e-05,0.000129646281931308,9.256537612139967e-05,9.372392415931674e-05,0.00010371829496110239,0.00010422276805556463,6.595642422426236e-05,9.555232009670093e-05,5.850546541922942e-05,0.00010035589204062115,0.00011122673492172689,6.328510317814215e-05,0.0001308122024046444,0.0001257778803718085,0.00019144441124390192
10,8.921584302191324e-05,9.064235521080293e-05,0.00010135215928105917,7.282254735169683e-05,8.969767362758646e-05,9.871636100008603e-05,8.965799356972733e-05,0.00011137987607999446,9.171712075382734e-05,0.00010578260837372276,0.0,0.00010517387331353243,8.420372708781187e-05,0.00012541538049226972,0.00016870593293823898,5.698415161714852e-05,6.005001609241479e-05,6.81086770456904e-05,0.00012241099328616335,8.940800207752073e-05,8.666844876151165e-05,7.459651017383811e-05,9.584080962406045e-05,0.0001142198618338932,8.914252134709212e-05,0.00012927827327088626,8.210274649759302e-05,0.00010444258590165574,0.00021880931800257494,0.00011937411273219588,9.13570327074853e-05,9.753775314808341e-05,0.00010154069440309249,0.00010145924253187705,0.00017154623689258613,0.00011333644652425117,0.0001178384205337661,0.0001277596213514133,0.00010265105900510228,6.784711446605009e-05,8.73721777142904e-05,0.00010918166890358015,0.0001268296427709121,7.897219763354849e-05,0.00010916313224463501,9.90740870409038e-05,7.879020945987109e-05,0.00010198957494798988,8.794922288665214e-05,0.00010903956707861095,9.348160398137989e-05,0.0001572265016319562,6.58934583887249e-05,8.451496771552033e-05,9.061692149590945e-05,0.0001463586815940808,0.00011488268037257835,8.456498672252938e-05,0.00012683437176419662,9.992838222957327e-05,9.33951819678982e-05,0.0001140300671656546,0.00011277823650509979,9.374512325343775e-05,9.228261021581399e-05,8.281262873488122e-05,7.549541477799976e-05,0.00016653298076577951,0.00017082155376716134,9.817109924459258e-05
11,7.379729969678353e-05,7.817605713768153e-05,0.00018013225120180377,0.00023048961912497474,7.111667046195013e-05,0.00015155252113439868,6.856273588321663e-05,0.00014612713065261199,0.0001680314881977927,0.00018314347341425575,9.101775151388945e-05,0.0,0.00010452855228768413,0.00014188401489043066,7.799340491842011e-05,0.0001034918592113359,0.00010495750153670945,0.00010570512812487196,0.00010316190017933714,8.28132602666647e-05,0.00010225229095457861,6.684779401008275e-05,0.00011509392482004367,8.718451974369292e-05,9.409168713389615e-05,0.00010365046378410662,8.870326021679925e-05,9.555282965652257e-05,0.00012742535058293418,6.552684439355774e-05,8.30808943712581e-05,6.711827813391767e-05,0.00010382505157418926,7.776331703618736e-05,0.00013404477852906583,0.00011423226419135866,0.00010461533781223436,0.00012187266676549167,0.0002266955746722658,0.00012916817032373622,8.959790643276438e-05,0.00010601140277008065,9.215826780899565e-05,0.00013799572451515655,8.034539531790506e-05,0.00012048366514537174,9.123733972982132e-05,7.181099753450935e-05,6.981343095633295e-05,0.00010829058631726084,5.954887589040282e-05,7.803368015914556e-05,9.159647672453289e-05,0.00010170397437141177,0.0001004077021221913,8.168694149362146e-05,9.198150548091849e-05,0.00012079803744180828,6.567724887229213e-05,0.0001258388598531655,7.592143747633278e-05,8.377127549819675e-05,0.00013421868504628605,7.546747381812716e-05,9.428817691071607e-05,9.98248790971476e-05,0.00011677953759508244,0.00013859305781382708,0.00017046699786505123,0.00014536028797909622
12,9.466291538806859e-05,8.932958793827483e-05,0.0001627394317042495,0.00014374926643069563,0.00012131060014174864,0.00012249175326409817,9.825310123449474e-05,0.00014623652206010234,0.00011111257573877453,9.418670393000987e-05,7.285066754026733e-05,6.114128830344679e-05,0.0,0.00010387752268255233,7.001665947771742e-05,8.866270828251266e-05,9.630729188527192e-05,0.00012381223094290477,8.608615174403861e-05,0.00012070498392197065,7.972076069775311e-05,0.00018786549098965467,9.88895974947797e-05,0.0001271849235704833,8.20875703041601e-05,7.435697850236982e-05,0.0001079290914620615,9.453807534104278e-05,0.000149227835560983,7.33411185896273e-05,0.00010705167628709878,6.940479564241743e-05,0.00010762498177698302,0.0001395335890048829,0.00018345058191977684,0.00016011382696773865,6.639526383409611e-05,9.473988170794089e-05,0.00016776611882799204,0.0001361999757385156,0.00010413752968854956,9.813009104732068e-05,8.724718788246012e-05,0.0001294775187141324,0.00017604227977539486,0.00010073871322592416,9.577219695652341e-05,8.810516491555754e-05,8.68990007085371e-05,0.0001230420016453187,0.00011581874398799905,0.00012336515737808204,9.748167431147104e-05,6.983982161754455e-05,9.912612800494159e-05,0.00018196263166031507,0.00018416046284976006,0.00011075881418816043,8.843845212708264e-05,0.00011677343763179288,0.00014487975012586436,7.794916559407927e-05,0.00015292685966585094,0.00011577161020165743,7.717327849798225e-05,0.00011530858691664414,8.118476964033128e-05,6.823317107395414e-05,0.0001474952864774197,8.37686437617176e-05
13,0.000157692689464362,0.00013127321795070208,0.00014311364032066942,0.00012361657601803788,9.127935401752433e-05,0.00010130122757352973,0.00016312875012214348,0.00011508165896354827,0.00015831593049483203,0.00013981994429407537,0.00012106920952940204,8.373987583262195e-05,0.00014642898335435526,0.0,8.608007968323873e-05,7.453227788126343e-05,7.369701592780065e-05,8.929724328127e-05,8.576683477481593e-05,7.948726883347197e-05,0.00010606245145676054,6.650970344277832e-05,0.00011521512856029056,6.943210064433383e-05,9.331475312643592e-05,9.915361878038688e-05,0.00010239263120393617,0.00012365915295785103,0.00016385746823740358,8.773694930519484e-05,0.00012162296744844576,0.00010371179630394802,9.817861044074279e-05,0.00010247415892347449,0.0001442262868629659,7.990703356981512e-05,0.00015779797318541612,6.830010022611081e-05,9.10423632321043e-05,0.0001433133218511084,9.622190417918515e-05,0.00010976547615564402,0.00017362230692539706,0.00014216570933790905,9.603979631466004e-05,0.00018682478271229847,0.00013568508701240046,8.606740236489173e-05,8.234241807100173e-05,0.00010043234077398495,0.00020093231962587714,8.662429402524063e-05,8.054941536832036e-05,0.0001115668956352226,0.00016233374182725863,0.00013504471362004968,0.00010477604043345609,0.00011547478969526336,8.021318695707306e-05,9.506675643343892e-05,7.503319783476274e-05,8.3464426112076e-05,0.00011216555058071713,5.893748887604496e-05,0.00013281422621730366,0.00012237029853363833,9.525793302863544e-05,7.930901173630923e-05,0.00011649119738238823,0.00013377546190193859
14,0.00016237908526294133,0.00011925442847063038,0.00013074646904338275,0.0001466846247315398,0.00015959463832383096,0.00013310398428894438,0.0001935993366877163,0.0001019459874834361,9.30248167075451e-05,0.00012715055103950436,0.00011629498246620768,7.001601408408399e-05,0.00012904279926835045,9.58881434753327e-05,0.0,7.744105336819787e-05,0.0001114967076434521,0.00010194424844476008,6.313490484305521e-05,0.00011703584915786149,7.67721585230127e-05,0.0001412342341901756,0.00012503282574846038,9.753680981040989e-05,0.00011899401639065415,0.0001620259851638927,0.00011751240297743408,9.725650622807302e-05,7.320878886938195e-05,0.00013088076295440792,8.765027916081772e-05,0.00011710088493499613,0.00011532236589293415,7.259078311345235e-05,0.00012163562583715372,0.00010088982172138167,0.00018799680571375644,6.991098510829511e-05,0.00013139949584357253,0.00014840595535063058,0.00010839483051851004,0.0001424957252396863,0.00013280481778431012,9.258660090219398e-05,0.00019658541321051535,0.00010072073008382033,8.774875119611238e-05,0.00011878588095477786,6.63953011138082e-05,9.920535821356898e-05,0.00013134974729642074,8.956434789161234e-05,7.41790510076125e-05,0.00010670675408686221,7.970761408549654e-05,0.0001526699343260497,8.763362284617332e-05,0.00010899431123054795,7.463091458125855e-05,0.00017196252764554304,8.49395682976558e-05,7.83807270738744e-05,0.00017027998443255613,0.000117593373920738,9.455717400766014e-05,7.165339585893638e-05,0.00012782141221892753,9.977315168252026e-05,0.00012811358255717197,0.0001308285169348925
15,0.00014824088159254596,6.378662405477368e-05,9.033820573182879e-05,0.00010164384406989216,7.83425407040628e-05,0.00010457242515379305,9.113225963711681e-05,9.203543256311393e-05,0.0001185129401166766,0.00012706423318275043,0.00010651190818456154,0.00014512763632040668,0.00010531364052289237,0.0001026871687091307,9.050487042790128e-05,0.0,7.036546656602074e-05,7.56533696022562e-05,6.531556314148679e-05,6.300117313151232e-05,8.638496708956592e-05,5.727255325877755e-05,0.0001044722480443452,8.582941530551943e-05,0.0001268910221066029,7.389960259082945e-05,9.719977666634796e-05,8.849055906368123e-05,6.630658809929219e-05,7.615335254845395e-05,0.00015148025231150926,9.504787381534613e-05,0.0001285730527993695,6.26046100919455e-05,0.00013183417595896091,0.0001024254021797761,0.00012763649611296674,7.501962549657365e-05,7.715692187812949e-05,0.00012726644897818065,0.00011017731090549826,0.0001374335923029236,9.450455260502148e-05,0.00012828515968611883,0.000108948744579213,8.86719890047024e-05,9.606335063824433e-05,7.116498534207284e-05,0.00012861170100971964,6.411074539896997e-05,0.00010709269163587323,0.0001544240041510892,0.00011115492528669504,6.570579061518779e-05,9.393679422305333e-05,0.0001441885276312888,0.00012481189074376025,9.394625239840328e-05,7.548441844867715e-05,0.00014977162274280116,6.92665418234545e-05,8.355262713875213e-05,0.0001335709042095976,9.35453969480913e-05,6.695225724858644e-05,0.00010923820800369132,0.000134047662110523,9.931525604814836e-05,7.539223901660856e-05,0.0001242100779406897
16,8.925963694757297e-05,6.463565882273658e-05,0.00012498812578477306,0.00010916481679496317,7.49701640209847e-05,0.00015370914250276165,9.582016008439653e-05,0.00013286308711718924,9.029518509389747e-05,8.756734410773258e-05,8.408883528454966e-05,6.788971537307751e-05,0.00011930999574527362,0.00010864029113001215,0.00010327309460928622,8.925725374912679e-05,0.0,0.00019219745073596777,9.506154263113716e-05,0.00012290243328040018,9.56172027516778e-05,7.893421878351783e-05,6.59257480001655e-05,0.00012896194480765778,0.00011362841154763682,0.00013462962818896148,0.00010080834264163365,0.00014330758305453942,7.193538334802339e-05,9.935257783978612e-05,0.00014332487478271164,0.00013293495683067497,0.00016452085859832387,9.138973635565985e-05,8.693560147591766e-05,7.882511450512617e-05,0.00012517928209973255,7.358045083812776e-05,9.731235760426324e-05,0.0001551996016734024,0.0001108927752877935,0.00014908441779133165,0.00010643829943217391,8.321955199305049e-05,7.490220399613789e-05,8.41584472940329e-05,0.0001473554757819436,8.004419492961984e-05,9.873464362381251e-05,0.00012814217040915283,9.432371984482322e-05,0.00010204130075166911,0.00013424035398192102,9.013641038743548e-05,6.648087731231302e-05,0.000170141501987652,0.00015094084471273402,8.171118410662924e-05,8.180968011942275e-05,8.402725643429304e-05,0.00010841596744256452,0.00010382270247248006,7.124886210958274e-05,0.00011319487769228188,0.0001278071437631913,7.743944816937215e-05,0.00010199021653356246,6.436916933396813e-05,0.00013022427641143028,0.0001247439526241093
17,0.00011957093524648932,7.709774177930439e-05,9.156017686334994e-05,0.0001308448529329936,0.00018369756643456838,0.0001375995757192932,7.331917810297571e-05,7.53299337488349e-05,7.080330023524764e-05,7.646835666261615e-05,7.231827293120091e-05,9.236434192497875e-05,0.0001293833380078797,0.00011901871113646692,9.859096925767383e-05,8.882959490698458e-05,0.00010764985456244552,0.0,0.0001664931313209927,0.00013494099395554052,0.00011395801523568349,0.0001329118022696056,0.0001103870574709434,6.747608341898265e-05,7.89705177397894e-05,0.00011500426818121608,9.482108383719538e-05,0.00010059758323526852,8.078686913326276e-05,7.461447492801909e-05,0.00014274007126915486,0.00011127255184275927,0.0001455127940785138,9.231518115332705e-05,0.00012314809257966212,0.00015092159629422785,7.520290857786862e-05,0.00011757282586339242,8.244685094014448e-05,0.00011925483675868288,0.00013121890025270504,8.23055452632343e-05,0.00010678123369201694,0.00012353337800851395,0.0001643651912418667,0.00010712303368936254,0.00010562318728994592,0.00013322952247281638,9.34499373205369e-05,0.00012119061785073967,0.00011245652679884094,0.0001207290479470446,0.0001215416481063567,9.717515057249052e-05,0.00011665247892309519,9.809058273140533e-05,9.66720438971323e-05,0.0001595914898278312,8.531777421629868e-05,0.00010870340437650505,0.00018844895980642048,0.00010432051480196674,0.0001448160960943119,0.00010541081448565575,7.408313737346849e-05,9.290395501789846e-05,0.00016493000225322957,0.00012377391197095308,9.772720821870692e-05,0.0001546934070961663
18,7.804914982461891e-05,9.77477214261446e-05,0.00015568941295535096,0.00010089504890792162,0.00016844684562095202,0.00010468930949707502,8.201529055438058e-05,0.00019127333379503352,0.00011582305606840385,0.00011382144144542884,0.0001502698103124562,0.00012229311281421017,6.289484200843251e-05,0.00015041996817666078,0.00010708768621802523,8.333618567745737e-05,9.618033428952932e-05,9.526613036670149e-05,0.0,0.00010427582550162825,0.00020069766514565192,8.63046982929416e-05,9.40200677136918e-05,0.00015915169781767122,9.051759627435788e-05,9.457769013883284e-05,7.529257093385766e-05,0.00010660632326745545,0.00011055805728164424,0.00013374947401353105,0.00019991937038173638,6.849174521968887e-05,9.482643811158757e-05,8.781032800230776e-05,8.976592252379237e-05,0.00016273002880265108,7.266800585046702e-05,7.172853702761345e-05,9.317694282565262e-05,0.00011358308902202147,0.00011725156967649956,0.00012703063987410033,9.554375418591925e-05,0.00013314307158472695,6.514502290873325e-05,0.00013723698336674892,0.0001458666207315831,0.00010254317293880448,0.00011868371068293872,6.666239937854958e-05,0.0001240403968917303,0.0001279498058071565,0.00013401580649059937,0.0001282866137317899,7.511909774298932e-05,8.948808905563523e-05,0.0001060307545900091,5.9964125860168794e-05,0.00010299379753121995,7.878819094031668e-05,0.0001020259820200141,8.019678646735736e-05,9.041243963670535e-05,0.0001587154578735269,6.966335077929832e-05,0.00017464163730007335,7.688825167849621e-05,9.686366355253727e-05,0.000173033173450588,0.00010228099995394535
19,9.64641523206431e-05,0.00013490099788765806,0.00014777150899964914,7.977532964941932e-05,0.00019299408057087337,0.00012170147717451848,9.337595885489797e-05,0.0001341881073656841,0.0001242277440938051,0.00016248610027535797,0.00012030260861574312,8.019194217558125e-05,0.00011701727343324269,0.00015478035617981107,0.0001298609410774822,9.664395651961921e-05,0.00013832699579390906,8.53478182857442e-05,0.0001047979182599194,0.0,9.116688013461825e-05,6.702787991847285e-05,0.0001327350601202262,0.00010920272040963341,9.944840789949536e-05,8.57803222961732e-05,6.592797968032171e-05,7.306923600404132e-05,0.0001123876045491699,7.634861120660377e-05,0.00010442076138954178,0.00014145867591797755,0.00010144177858069513,0.00016810522726927107,9.89637972100524e-05,0.00011528510800333978,0.00010782181660012406,9.740826700151289e-05,6.935046363354524e-05,0.00013276589890326006,0.00013673022844806732,9.552397336547463e-05,0.00014208007083988696,0.00011826412246018229,0.00015990998270751485,9.79452410437588e-05,7.02382869532354e-05,0.00011218775671353529,0.00011469007571452753,8.135587860641399e-05,9.351761106647398e-05,0.00011150184812577615,8.29039838006442e-05,8.326024643997487e-05,0.00013547183027096617,0.00010286206993871211,0.0001375893774268663,6.303908171656589e-05,0.00011954336826088781,0.00013650677398876828,0.00010161684774333276,9.170837436960595e-05,9.0007080065952e-05,0.00010391355196396586,7.248872570718022e-05,7.351666725475182e-05,0.00011878299465897529,0.00013532908171896057,0.00012668479096161755,8.067768515236339e-05
20,0.0001127427651592108,8.449767436290684e-05,0.00014356387155115905,7.932916365322054e-05,0.0001191529268631184,0.00015587173898547793,6.130016806243926e-05,0.00019949215205199188,7.892079527070667e-05,9.880543457103839e-05,8.129207517304899e-05,6.398604367859726e-05,9.290432258967003e-05,8.906114863445494e-05,9.645394805504631e-05,7.230985006920531e-05,9.763359592468361e-05,0.00018881902842178986,0.0002236705320081882,9.177500706340385e-05,0.0,0.00012339029578210424,0.00010382662509179935,9.124092768584901e-05,9.344743496644515e-05,0.00010307688612137094,5.741306693156341e-05,0.00010909161210029881,9.420987684815224e-05,0.00013220145457594148,0.00011941466773613295,0.00012984540912308755,6.974526341535735e-05,9.5699956791467e-05,8.67917077202046e-05,0.00012789396376338598,0.00015532003180026056,0.00012463812540175338,0.00010792245830815407,0.00010891358985155499,7.314860933829148e-05,0.00015161001938057572,9.310554401042516e-05,0.00011727372887738644,0.00012793240474039694,0.00012683677277885492,8.859715641261144e-05,5.2028964059456564e-05,9.477872462368596e-05,0.0001366847994889321,0.00012337059220419896,6.596539154061155e-05,8.094907850739706e-05,0.00010408499111744465,7.200872326748978e-05,0.00014024623260312593,0.00012164293455651155,0.00012840773066787994,7.655216321413177e-05,0.00020231668723224013,0.0001051110840078109,0.00010572242401445914,0.00013238317231572283,0.00011935357540526881,9.711812284520135e-05,9.657050418534958e-05,0.0001450980876189629,0.0001598287316714252,8.506474197524223e-05,0.00018027126505273627
21,0.0001629869607373638,0.00011062068938529196,0.0001441732170572395,8.376714183006839e-05,0.0001033981646233242,5.82822362462398e-05,0.00011357266335228475,0.00012562050298384574,0.00010742488806948617,7.182234762721672e-05,0.00014916239590608208,6.318017734787033e-05,0.0001233233517535819,0.00012146306228545507,0.00011179262062993442,9.806998539140896e-05,0.00011703061917637008,8.612842604461942e-05,7.608806845174038e-05,6.44375704745089e-05,0.0001333972188262709,0.0,0.00012294716907533063,6.987033562140315e-05,9.344308699594432e-05,8.679112084698273e-05,6.87477987950284e-05,8.892844208957285e-05,8.2900326758601e-05,0.00010709581094329573,0.00011858860167725543,0.0001406561812103973,6.8442386576156e-05,9.339425177328521e-05,0.00011521042421193205,0.00012346904082916572,9.324261220358864e-05,0.00018828868893825803,9.91183515793182e-05,0.00011090271075743457,8.733957922617071e-05,0.00011873739562102331,0.00010941107694558516,8.604030178605334e-05,0.00010266920342461801,0.00012766618127771638,0.00012632752299984664,0.00010903749008571269,8.749959434324305e-05,0.0001058729271638543,0.00010390236597682492,0.00017209371752305544,7.848415969001852e-05,7.220565056041125e-05,9.20224051278453e-05,9.780468962589221e-05,9.278220197430879e-05,9.770144940500069e-05,0.0001924226657382735,9.961042051574228e-05,8.198513225265264e-05,9.335328134854551e-05,0.00011932292096070358,0.0001618615198264822,0.00013697752977142713,0.00011578607636722398,0.00011292361374858333,9.88942409078215e-05,7.126715372634511e-05,9.296325838674909e-05
22,0.00011318096592817403,0.00014395957458416902,0.00016181624174359672,0.0001359092071338891,0.0001960261300996049,0.00015960462093837742,0.00010039971665463253,0.00014139797028465089,0.00010557218606127104,0.00013456851219814444,7.825977091435314e-05,0.00010241204251074661,0.00010452789885236926,8.901163683354353e-05,9.748796651440587e-05,7.470623995493906e-05,0.000173280022780993,0.00015017680179335623,0.00010830692786880561,0.00013883425297121692,0.00018447280480635354,7.769436686131412e-05,0.0,0.00014517167807048375,0.00013872291529653307,0.00010788192124089973,7.330435200216521e-05,9.381181329917218e-05,9.383832816769341e-05,0.00010999061848545966,9.503283753731234e-05,0.00012559361255362467,8.952956855769004e-05,7.46519811010886e-05,0.00014031160570495798,9.948270639407482e-05,9.038413028096694e-05,0.00015711282373099788,7.422493547420176e-05,8.132435656174523e-05,0.0001960528738756009,0.00012542367697224215,0.00011546104966407199,0.00012919477410991463,0.00013081841539174703,0.00011985401271584238,0.00013463742472007997,0.0001427801686088609,9.183314151757408e-05,0.0001457801077552034,8.58890846764719e-05,9.151476337865553e-05,0.0001412482993566714,0.0001526519969898688,9.66588094603677e-05,7.378032636526916e-05,6.484502725652464e-05,0.00011100145540416677,7.816519509005031e-05,0.00010661768514886838,0.00010341111513424395,0.00011611552701463088,0.00011068969880213757,5.9470977239885745e-05,0.0001151009448895565,8.272623969617418e-05,9.757455998227404e-05,0.00010116675744104783,7.969516726104334e-05,0.00013309572052707056
23,0.0001401889556612809,0.00010042475565791791,7.328846626198511e-05,0.00017251558874878205,6.61094789701739e-05,9.44018010310426e-05,7.650282969343304e-05,0.0001533240015605579,0.00014478132290777774,9.36834655780802e-05,9.926571921134279e-05,7.330902532099104e-05,7.697459635987252e-05,0.00014752600859589197,9.18869872639796e-05,0.00010739895555526499,0.0001168444774467988,0.00015008236723520902,0.00015470281652806654,6.698729322974214e-05,0.00010013662669015287,8.695076853620138e-05,0.00011602842288485449,0.0,0.00013318444289553793,0.00010225548800018712,7.268292770062116e-05,8.86368559703959e-05,0.00010273673265264821,8.415871281109348e-05,0.00011185326063257497,0.00010398718369965357,0.000104546090470078,0.00012711159019722368,0.0002150013938002947,9.885296864841825e-05,7.925216077639642e-05,7.727259916567582e-05,0.00014810924672503382,0.00012498390141022408,9.659357169965551e-05,0.00011459921229508671,0.00013049637682939578,0.00013205600295161784,0.00011702347848354432,7.40103685646559e-05,0.00011453819449877377,7.623341267837304e-05,0.00014361249681178135,0.00011986432526310534,9.459800368979399e-05,9.060482903811895e-05,0.00015901930000399787,0.00011035646950264455,0.00014669024043041445,0.00010194157877346725,0.00012975725802616035,6.273363611884918e-05,8.514163686753992e-05,0.00011377672182426911,0.00011793854475473894,0.00013201958782199083,0.00015826247928934335,0.00014351550289163386,0.00011618574186447367,0.0001006242730178513,0.00010123418712296204,0.00011031418262004071,6.919549374452514e-05,0.00014411174036347893
24,8.097683162553268e-05,0.00014692468700377943,0.0001920401401435671,0.00013718396736511746,9.7866141504835e-05,0.00011484949407800928,0.00012303139462061123,0.00016444263208306666,0.00012719230675690122,0.00012652034031634688,0.00014908666067947778,8.818769088808809e-05,0.00010889749039144293,0.00010404774508140204,0.00013921073082159087,7.449596549789643e-05,6.482330482956473e-05,0.000127624643616079,5.871506378988303e-05,6.732715864024695e-05,7.197016520954735e-05,5.8504432133712786e-05,7.887510426702846e-05,0.00011133215939469004,0.0,5.791100721432639e-05,8.298374282818289e-05,0.000156828524970635,8.229213192790299e-05,7.114496523742097e-05,0.0001459004049224731,0.0001961788903429225,0.00010225339543534236,0.0001284159971918502,0.000192545601814977,0.00017913192817820586,9.694243546188623e-05,0.00013708488395558407,8.401041137011621e-05,8.956673145221824e-05,0.000137365152790668,8.605341903866534e-05,0.00013289988587720454,0.00012131187839314204,8.16310438310545e-05,0.00015238613634713786,9.398496045722792e-05,0.00010593176862083594,0.0001205565728801843,0.00010444570478889064,0.00010485599267388428,0.00018262693946426067,0.00012668783849112612,8.816184429851006e-05,0.00010448979378438024,7.314240752389724e-05,0.00014439799466470086,0.00010501091725406429,7.823490304929375e-05,7.314434795192646e-05,7.2790005327466e-05,7.930976434820299e-05,7.751600582381327e-05,8.715901114991923e-05,7.225006890007868e-05,0.00010363748652973582,7.742347776364636e-05,0.00012796013242797642,9.86417061448807e-05,6.491598483908138e-05
25,0.00017276897545669676,0.00015833505813250693,0.00022853697925171704,9.879551631046035e-05,0.00020033754540790257,0.00015290288912679927,0.00017571455284546805,0.00017865142244380294,9.722609415359651e-05,0.00012569135318687988,0.00010102819368931507,0.00011014536314305512,0.00010202058555616127,0.00012674441193388265,9.55280940115437e-05,5.6140494779831446e-05,9.452876287806436e-05,0.00011192366013583213,7.876753551716743e-05,0.0001471807135286657,0.0001284592104201668,0.0001106361287400612,0.00014477202927997397,8.240263187789701e-05,0.00013547187923170786,0.0,9.016481375838269e-05,0.0001657428204144539,6.055358820275918e-05,0.00014181613454724662,7.02930229463713e-05,8.80519441119501e-05,0.00012328282550305432,0.00012468604749538904,0.00014013028825360068,0.00012106899615703868,0.00013010468590057112,0.00012019577484349194,9.49740802992448e-05,0.0001171546773824444,7.845446779378855e-05,9.069419821964957e-05,0.00010159689142358619,0.00014362920464805565,0.0001148664409101699,7.352974639289066e-05,7.79530401389182e-05,8.991652466578719e-05,6.929387475521033e-05,0.00013296243695489453,9.013610047556125e-05,9.503642506623894e-05,0.00010074300622753175,8.141441567611768e-05,7.932305727921833e-05,0.00011841234144723544,0.00010247629907036511,0.0001442529270344155,7.469686334619792e-05,0.00011251125898055717,0.00012596860589640448,7.74115866600247e-05,0.00022100146900344436,6.706596504487016e-05,8.295919289589507e-05,0.00014312213623861412,6.759756160229986e-05,9.215196661454064e-05,7.602082915333693e-05,9.460491743409289e-05
26,9.088958046109652e-05,8.702106657793416e-05,0.00014588393631707254,8.254699297713718e-05,8.950854011932996e-05,9.246435210245367e-05,0.00011654062246857968,0.00010253742709690622,0.00014912772996543205,0.0001284574166963592,0.0001000002210480154,0.00015763513031074512,8.633207200841175e-05,8.3118979456276e-05,8.401663276701918e-05,8.567389309300883e-05,8.168079082521401e-05,7.082423686350114e-05,0.00011869120747999169,7.960852932862321e-05,9.99601119030942e-05,0.00010358367886117478,0.00012748638514066676,8.1447180651776e-05,0.00016529113644614922,0.00011848959102485148,0.0,6.288108014681527e-05,0.00010982305672658435,0.00012323160992327084,8.885645435297991e-05,0.00010570379457561268,0.00010202886801491875,0.00014665574793802216,0.00012291182350438395,0.00013442742373075248,7.224783116008097e-05,9.880195800662907e-05,0.00013551928443165966,0.00015887992580069932,0.00011919869753052923,0.00015233289271765257,5.8732254029029006e-05,0.00013146287570922488,0.00013461000460915487,7.80550185203825e-05,0.00011479284480379988,9.40286635100761e-05,9.15945252552834e-05,9.340292818549886e-05,7.61017600059457e-05,6.77061717161671e-05,0.00010861172062748685,9.233868667132703e-05,0.00016551391389103481,0.00011661525804712439,0.00012900604522587462,6.1819744915932e-05,0.00013784046097927628,0.00011764843799360847,0.00015254073173149926,6.308207273819348e-05,7.821473532866076e-05,0.00012099059571882248,6.316368321008886e-05,6.36826294194373e-05,8.664890091569163e-05,8.212346319266008e-05,0.00014951205902142886,0.0001003670169116038
27,0.0001488487348064947,0.00012276591598091215,0.0001933842070592814,7.822162283421072e-05,0.00014295371055719148,0.00010422165170736912,8.16148129569265e-05,9.439570688192691e-05,0.00010476608825008967,0.00010428662720607547,9.300785209123518e-05,8.806856550296696e-05,6.115921401827493e-05,9.577613323598357e-05,7.989645074033134e-05,9.48491728116188e-05,0.00010137309199701131,9.263170789373997e-05,0.00014826415950559455,0.00014575530880347952,8.475093069998019e-05,0.0001518040876865586,0.00015521118886413181,0.00010640431776275951,6.578696244791058e-05,0.0001279247936926687,8.418465126962257e-05,0.0,0.00010672462188916289,0.00013167771848424608,0.00012038404991584246,9.555533787366744e-05,0.00017177664773647435,0.000135016417969956,0.00012054684151923877,0.00010839454899268064,9.95705307744422e-05,7.163611568428858e-05,7.412689108256856e-05,8.191367072130365e-05,9.031504124887533e-05,6.779530088201154e-05,0.00010778205795887168,8.552022862024434e-05,0.00010421777360345962,0.00013954409126002345,0.00010281908588663836,0.00010797521750176148,0.00010164072288593725,0.00010274615703288012,0.00012775707451435895,0.00010091349949963417,7.987867241195623e-05,6.78641157592032e-05,0.0001504419517941633,7.997389454180787e-05,0.00015183103319144873,0.00011186818953880874,7.506737323847082e-05,8.491067597768504e-05,0.00010510040438791978,0.00012935195494200957,0.00011574896862526473,8.772695227640692e-05,6.006251199450756e-05,9.314870549782872e-05,8.29270986376975e-05,6.015619251224791e-05,0.00013287136034889635,0.00010749561964505757
28,6.537417604051643e-05,0.00010930669676574207,0.00011399391907745174,0.00012079541783826975,0.0001293318343506081,7.436934367177263e-05,8.366984820876603e-05,0.0001306056989301046,9.637689440643145e-05,6.31637419799564e-05,9.339765538622351e-05,7.715817073444719e-05,0.00014872846480827,0.00013497596943286887,0.00012339234204239728,9.405912407892952e-05,8.689236959932519e-05,0.00011911132054919335,0.00011003995199177628,9.1623800975701e-05,0.0001221091241659395,8.154540077143292e-05,9.1361602165066e-05,8.634622153859028e-05,0.00011650334853423121,6.728263476840743e-05,8.429177316553697e-05,9.718524801361775e-05,0.0,0.0001025240147814143,0.00012407651088608594,7.323911977925282e-05,9.413948439203953e-05,0.00010000590742922698,0.00017546095291603016,7.834951069092925e-05,7.90077928340677e-05,7.157197184120722e-05,9.520662969974678e-05,9.095426954394784e-05,7.668499752280921e-05,0.0001497038760337725,9.805238672925097e-05,0.00010168497784601985,0.00013778566615144455,9.478575897522953e-05,7.88057871962782e-05,8.022835173818851e-05,5.991519713448546e-05,6.919892772191627e-05,0.00010970558827679754,0.0001251111345093302,0.00012200055779568174,8.023766056738422e-05,0.00011611872441419107,0.00015356289883628951,0.00015199700571678475,8.606127157672832e-05,8.628790701947451e-05,0.00014010547663835608,7.844168283774303e-05,6.426873784866665e-05,0.00021776558031602635,6.181921133924322e-05,7.66631782969129e-05,0.00013209288308137075,7.826778566655983e-05,9.91165829355789e-05,0.00014291618666418515,8.52571151071412e-05
29,0.00010749047179919527,6.952582633680558e-05,0.00010587978416959493,0.00011558310254449805,0.00014674436923602959,8.289403206306959e-05,9.01495472885687e-05,0.00014375008770362818,0.00013587586644288018,9.05435782794818e-05,0.00013484158250653586,7.49357653801635e-05,7.775212210700332e-05,0.0001260316250876457,0.00015738829186590035,5.8554848019771506e-05,0.0001271826908888856,0.00012052836159455177,9.793104073819519e-05,8.343296898766525e-05,6.592650032954554e-05,0.00012181829378490166,9.88263484171302e-05,0.00013572624321167988,7.417986866872783e-05,0.0001004077043407967,9.971999825034983e-05,6.482539273110662e-05,0.00010827895474559643,0.0,7.952743950308138e-05,7.531608960133249e-05,0.00015286051859667724,0.0001164266471297143,0.00014460799547137682,9.23381537184076e-05,0.00016860203523193936,0.00018568594649967884,0.00015886716163348994,6.860015030786162e-05,0.00010875178900447904,9.135209475607284e-05,0.00013123694048260752,9.499670209969851e-05,7.404772422176131e-05,0.00014126045028229988,0.00010025907830072895,8.461198166401785e-05,7.687438984270221e-05,9.3276923116652e-05,0.00013997017442229722,7.513998904941146e-05,8.555787981366713e-05,0.00011118881109949148,0.0001255290770489843,0.00013405785083469944,8.4654101189428e-05,7.341914787336401e-05,0.00011777691693444366,0.0001444603658370611,0.00010523984017606262,9.49964704372055e-05,0.00010185978167910286,0.00013370085990663594,0.00013055420917456605,9.953319933031801e-05,7.663520805253779e-05,0.00010088405258264899,0.00015100045195494126,7.573166027975018e-05
30,0.00010936340760576444,0.00010018973909426913,0.000196381258027054,0.00011448999757229625,0.0001376236367602726,0.00010054885238013079,9.90237160647379e-05,0.00014434122534223208,0.00017534019493134896,0.00011490238206861959,8.541118078821366e-05,5.7133405934949287e-05,0.00010469891132145857,0.00019975611428709955,0.0001691972757979884,6.509449815649915e-05,0.00012661721047525776,9.30466081435305e-05,9.798617596871083e-05,6.331413865256755e-05,0.00010909898087380855,6.713498512738356e-05,0.00015218387365233417,7.649275389085363e-05,9.15976024657374e-05,9.272916317332328e-05,0.00011358402509799688,9.60530956174822e-05,0.00011722994980513146,0.00013022134561248974,0.0,9.06709479686391e-05,8.781808245784973e-05,0.00016637061268897808,0.00017756551521356284,7.738733766487991e-05,0.00013698310880269095,0.00015353826025222132,0.00011606690912061055,0.00012299530426237705,0.00012513714421639904,0.0001263196599058229,0.00014207537234768664,7.313186276590082e-05,9.019305855557208e-05,0.00017453094152521627,0.00015451092428944493,7.48335178996805e-05,0.00011945555352833551,8.090113735920419e-05,0.00011628736059255317,0.00012519755496958687,6.964814790567197e-05,6.92329931891436e-05,8.032810073159817e-05,0.00019097500646873857,0.00010625013926307382,8.436557369696776e-05,0.00017876526025664225,6.382787331846232e-05,0.0001318150535547836,7.514112495959433e-05,0.00010197742782266854,0.00011327209414064459,0.000103581832959084,0.00013212542807621543,0.00011986368208035682,0.00010316407744797981,0.00012041795549959847,0.00011775024247790833
31,8.295902238684669e-05,9.987572353358977e-05,8.401597137945084e-05,0.00020273134019016038,0.00014688030240195363,9.710616525873911e-05,9.127078773249333e-05,0.00017214292193191833,0.00010144130692913785,0.0001185647025664067,0.00010992720019260442,8.162503806496853e-05,9.420468060945656e-05,0.00014273864467945712,0.00010602330039470878,8.784724712561582e-05,6.40427331383016e-05,8.198406978405974e-05,0.00010239960301368966,0.0001245122552067797,9.62453335516087e-05,9.301036021818278e-05,0.00011543182694734198,0.00011828504977064748,6.560690864438553e-05,8.032957605346237e-05,7.573521052311429e-05,9.321580786066795e-05,6.27073340617192e-05,8.807904288277046e-05,0.0001608067054272589,0.0,0.00010064126463035921,6.195055843430146e-05,0.00016981752299146424,0.00011072859269842283,0.00020953791478924848,0.00010591788573074677,0.00011886159450387129,0.0001738856779155102,6.009658107008257e-05,0.00013817836111106908,9.053937575946815e-05,0.00012021101322827516,6.919414234181392e-05,0.00015472380656219423,0.00011700754727779669,0.00011229628159400808,0.00012802421121183843,9.531638587374872e-05,0.00015182360997556196,0.00012934945880025027,9.478868678735083e-05,0.00010338078853966898,0.00011652023283505721,8.826644947120968e-05,7.87229790022682e-05,0.00012706738486955254,0.00013051154411489698,8.364946271850885e-05,0.00015870588181481036,0.00018206878203750178,7.168281802613981e-05,0.00011398927263728133,7.716685257656486e-05,8.181385298315385e-05,0.00015092020144756135,0.00010869159579850144,9.504602791164025e-05,0.00010084443406277933
32,0.00013216130839056753,8.589123023291114e-05,0.0001514731250758104,0.00014061541838049162,9.563297898357741e-05,9.681360492143022e-05,0.00013941876090059493,0.00018232781883796234,0.00015354909091011746,0.00011066732533392518,9.444446665976371e-05,8.139566481990616e-05,0.00012292559788032133,0.0001424433639073871,0.00011981762568935796,5.924070123641732e-05,9.857775033336336e-05,9.71659984649531e-05,6.890828226427306e-05,8.93543495762032e-05,9.920366996996227e-05,0.00013719041932595016,0.00013722692000492484,0.0001480841464927573,0.0001001767002626757,9.871093406395662e-05,0.0001423653418637145,0.00010736113942982643,0.00011333295479785732,7.865409499813842e-05,0.00012640540054419027,0.00011845740497137683,0.0,0.00011525169344350482,0.00019770780135100442,0.00012460376960759818,0.00024020980996837199,0.00010469573161996834,0.00018216099157211362,0.00012332519492163068,0.0001693869752951646,0.00013036170968958017,9.924094745288204e-05,0.00016336010436113202,7.615669013109183e-05,0.0001768421990582911,0.00013757159670465367,0.0001290515114056863,0.00011367235638608948,6.650058485408225e-05,0.00018095415394376086,0.00010105278524814391,0.00012515839647567534,0.0001508565116378139,0.0001571713927560545,0.00012732509773637538,0.00010465954228980387,5.731832301119354e-05,9.438206673171498e-05,8.971071220695551e-05,0.00014952249883014372,0.00011784366690809143,0.00010708666988241454,6.056164681179878e-05,8.308542932101427e-05,0.00011154793634696459,0.00011166895839617175,6.693539479728897e-05,8.785871321356919e-05,6.595609361776243e-05
33,9.886910313514264e-05,8.04164237596617e-05,0.00010296926444167668,0.00016182704717981525,9.931392207838166e-05,0.00012065549041083724,8.000643467353103e-05,0.0002023247189141176,8.97166190503736e-05,8.145196559650064e-05,7.603804007871162e-05,0.00016259310923648598,0.00016891998141277238,8.53132734342073e-05,9.318891329951263e-05,8.450563882867695e-05,7.899405141275983e-05,9.776194529881511e-05,0.00013408424713464435,6.431396768195191e-05,7.148573965047959e-05,9.782531372680969e-05,6.493547460601256e-05,0.00012086493743878011,7.854606591554236e-05,6.462099842835037e-05,8.228011051148429e-05,0.00013808773403011114,0.0001308461298442035,0.0001526878016964114,0.0001170887138068782,0.00016083088054188937,0.00011597828351609822,0.0,0.0001504645748957985,0.00013765495189633104,0.00018043726935870825,0.000109724584928516,0.00011649621134376972,7.643124922334316e-05,6.367225874541729e-05,0.0001229775399074505,9.491845150978808e-05,0.00011696635927637951,0.00014830506258070933,0.00011089406759757288,0.00012415550633772412,9.93841002459896e-05,0.00011897150846624229,7.38111553996012e-05,0.00010473307069102061,8.391628617750456e-05,8.674505774244566e-05,0.0001590010231527048,7.134596070784149e-05,0.0001575080319208429,0.00013577938208917122,0.00011659896518180899,0.00013112645137543463,0.00011885773136169587,7.600325707043323e-05,0.00011477852747392319,0.00012184169230285589,9.240066611316004e-05,5.041691706385761e-05,0.00010028617653883048,7.126233968605196e-05,0.00012479411325096813,7.32678680156703e-05,0.00012736914943319128
34,0.00010371422965926357,0.00014359982006478917,0.00015423265594410721,0.00011334167206637099,0.0001305786360465581,0.0001353116813182162,0.000116380123688798,0.0002032872944952903,0.00013411049540918598,0.00011370179391313624,0.00011756669692111678,7.843550413964738e-05,0.00011109294168586724,0.00012151186370449895,0.00011695215293554255,7.7476167755502e-05,0.00011410010702345356,0.00012646997665483514,0.00010641140908772876,7.264298105887035e-05,0.00010946355482342178,0.00014353866947465054,0.00010805838331477933,6.209271035723574e-05,6.529219505045304e-05,8.694666304833911e-05,7.604152182465388e-05,0.00012269951895540083,8.13563119704531e-05,7.827646477625057e-05,0.00015318307445255592,7.233898032310058e-05,7.532028491273805e-05,0.00011157572583059932,0.0,0.00010474309465698854,0.00010629168909321323,0.00018483120441005726,9.086523063154872e-05,0.00014266301773264558,9.101688919780955e-05,0.00010861191862198525,0.00010268146355636888,0.00012420704048072967,0.00013428557558583018,0.0001369701488142563,9.872657088938102e-05,0.00012032437608420129,7.568764522151595e-05,6.594591872023383e-05,0.00013457189825054,9.260646284083669e-05,0.00014942463184585471,7.722186621271462e-05,0.00012735866160396765,0.00010845047676502653,9.836814080659732e-05,0.00013974682993719547,0.00010220930348222016,7.60110170854646e-05,0.0001001815354171375,7.571394176165156e-05,0.00012887118706853316,0.00011766555914355857,0.0001220850714212853,8.675519643470431e-05,7.80275293209602e-05,0.00010042289288928145,0.00010312629182624987,0.00017294020480296038
35,0.00020090500888173495,0.00021522867054480605,0.00022470241790930356,0.00016325120944182548,0.00011870454774419716,0.00019816037389508412,8.684981664077355e-05,0.0001193175809754361,0.00010265594533740559,0.00010820560565181169,0.00011705515807177892,9.690269346948106e-05,0.00011488048004366566,0.00010210990932486993,0.00012907081879270918,8.238337353528459e-05,0.00010147159984460312,0.00012656659181439555,0.00010069718721730031,0.00016851409620880653,7.148875585835532e-05,0.00018582300546798997,6.669422891000945e-05,0.00011591114719783019,0.0001010111710672259,9.668961355449422e-05,0.00012386767694841364,0.00011639618879438159,9.767520968147423e-05,8.348747605426851e-05,7.565312250481314e-05,8.628085573337112e-05,0.0001734116869407378,0.00011711988369375776,0.00011572141755135948,0.0,0.00014277877438155658,0.0001643277563636598,0.00010242392228141005,0.00010405413740970771,8.07390003410626e-05,0.0001922092020035468,0.0001306257254415554,0.00010199234531335404,0.0001315848513946751,0.00015210185701501584,0.00021970880984429952,0.00012175527273251747,5.6522379320340104e-05,0.00014139323836266779,8.500528838601117e-05,9.217088144216559e-05,0.0001406688308012534,0.0001575650996147856,0.0001824548549850055,0.0001389662277886703,0.00016357890667503404,9.911836624191589e-05,0.00011432180192937545,0.00012590749215947311,6.411438030271754e-05,0.00012680316481959353,0.000173947293250014,5.841034725694623e-05,9.965857065194043e-05,0.00012760621911432884,0.00012352028913981656,7.269821703757422e-05,0.00014053834918752812,0.00012593000889888462
36,0.0001027626918355784,0.0001492703000976642,0.00020232740113111962,0.0001569393355564589,7.840842747652012e-05,9.07102733188012e-05,6.745398494638535e-05,0.0002502721252216053,0.00012742706119008108,0.00016561381845129006,6.243090134076873e-05,8.440947702884307e-05,8.173899739067478e-05,8.518092830339485e-05,8.322239886016604e-05,7.649389755195722e-05,0.00012121064679422788,0.00011851447264768607,0.00010145305286825272,9.36947554522317e-05,0.0001035381435490227,9.141195242029855e-05,0.00011835379580311638,0.00010261892950686618,6.604573099064267e-05,0.00012758450248112716,6.550362175437314e-05,0.00013852789366466844,8.851337469200995e-05,0.0001003932874235174,0.00011667388760516276,0.00016650972542220173,0.0001603682909141601,7.295967776002346e-05,0.00017251471274031706,0.00017111876926190043,0.0,0.000185383739209233,0.00010778210780614946,0.00015724840439461336,0.00012238302171238048,7.613217466399683e-05,6.406250442463943e-05,0.00011934235277286063,0.000146544301776725,0.0001759908996922468,0.00011605298567740269,0.00017031563290116112,0.00012690824843047558,9.587160901003456e-05,9.447333873413649e-05,6.502708298400778e-05,0.00011712595622233691,0.00010458162167581377,0.00013540294932034384,0.00014524144261872092,6.955953189742068e-05,0.0001444800177551159,0.0001310535318387899,0.00010838878296141218,0.00010993912425213956,6.153914690513086e-05,0.0001045526161663475,0.0001340092594720353,0.00012223064983711402,0.00019051909041283127,0.00012861947376977844,0.00012407863759941618,8.946416998385954e-05,8.484783691805749e-05
37,9.772541108889889e-05,0.000110429265676394,0.00016132932576298266,0.00010984473535719542,9.944130753182753e-05,0.00012367188611577142,0.00013144430639530966,0.00011084532085263942,9.567641937491927e-05,0.00012285753280305732,0.0001536329012750601,9.720240823400569e-05,6.852298012062032e-05,9.431237786649634e-05,8.505029494157699e-05,0.0001054625230967943,8.190869268907296e-05,0.00010553684231802597,0.00011845806907210605,8.70241053697662e-05,7.350368718390561e-05,0.00010853173888565025,8.51437289281227e-05,0.00010760943883194167,9.109886494157739e-05,0.00012756226369469223,9.351411653727172e-05,9.492741951704952e-05,7.089307879102554e-05,0.00015261141568276675,0.00013856856059559007,0.00012753749022278313,9.09023467874841e-05,0.00020461653639677888,0.00020567195619728277,7.447599518043946e-05,0.00010233579368360885,0.0,0.00011702598377615802,0.0001883449308109781,0.00010258960954464358,9.979494041138958e-05,0.00011487911058584413,0.00011697835938457011,6.1025802056243096e-05,0.000110340235830812,6.444886930172287e-05,0.00012626477559977338,8.594300190380048e-05,0.00010288731388209937,0.00011175893195434063,6.472555273859924e-05,9.1034124161396e-05,0.00017807392497405137,0.00016665517099861992,0.00011425369868500013,0.0001858311488538932,8.219438817972374e-05,7.303194989033845e-05,0.00010040149027956798,6.602653991500183e-05,0.00021034852999395585,0.00015232499318836842,9.513686831738305e-05,8.392066549649825e-05,8.640308800990932e-05,0.00010401647102658491,9.101596051485786e-05,8.345603645603529e-05,6.623570660239322e-05
38,9.50905708000963e-05,0.00010114066381164728,0.00018607220914096856,0.00013186333485679628,7.294064646680655e-05,0.00010159855186904802,9.090635047227147e-05,0.00014793369888000657,0.00011690717744758303,0.00010377554010878685,0.00011255034506182502,7.427720977460312e-05,9.42940411645691e-05,0.0001073459583411462,0.0001670309364376664,7.876158175049817e-05,8.31915795760216e-05,0.00011641179735570499,8.256129355638899e-05,0.00010506627368483989,6.524275643376847e-05,9.00542729771758e-05,0.00012988916997369924,0.00011068102607386093,9.237809801412067e-05,0.00010177372722429576,0.00011557162415421081,0.00013842952912883734,0.0001566459346645606,0.00015101589179880232,0.00015144391046204337,0.00012318468410123576,8.057084501512624e-05,0.00013350951753850296,0.00016676624092106283,0.00023851555520950168,0.00012433520465616343,0.00013722830359450626,0.0,9.454110114275762e-05,0.00013979221365858417,0.00012700943170294371,7.032161757433184e-05,0.00010266602060882325,0.0001758461251878075,7.077588694292705e-05,0.00011721044817377629,0.0002085051597018329,6.761227974775678e-05,0.00011922424205244648,9.834110156033284e-05,9.383271380212653e-05,0.00012042887110113688,0.0001290459350262103,0.00012632977580165572,0.00014956186637274662,0.00011917637156024488,7.581493803523785e-05,0.00010319954271934845,0.0001081167307776238,0.00010901206726388815,9.107107896682007e-05,0.00013818900199792856,8.623497055524671e-05,0.0001495236791895158,8.508147772785813e-05,0.00013298410357709644,0.00010296749186560493,0.00013503346658660787,0.00012711917150557024
39,0.00019596921190675275,0.00013910017627064572,0.00011596145837557831,0.00011917223837838336,0.00012466289905789694,9.020044960545986e-05,0.0001336527455653582,8.916826203327967e-05,0.00010438363636883517,0.00019313966842755674,0.00011783662927416915,0.00011515675396730301,7.623053056669894e-05,9.189415593313177e-05,9.899157280931611e-05,0.00010882508273553736,7.445874028060751e-05,7.75752751902971e-05,9.480585857358942e-05,7.913941419509794e-05,0.00010630826270373068,0.00013749072595859168,0.00014396594562208375,0.00011470004413253156,0.00012149118353745376,7.482211890703168e-05,6.82464336710521e-05,0.00020197960322722688,7.974054837807445e-05,0.00010611992078357809,0.0001176437257376731,8.36740362129851e-05,9.24641720414263e-05,8.385910203803843e-05,0.00020150965586355555,0.0002017218201120293,0.00010369600127597007,0.00012921184040108795,0.0001444840372675975,0.0,7.930880266000592e-05,0.00019720921588933343,0.00010115748136480017,0.0001353769586201806,9.062687704071158e-05,9.445790105370606e-05,0.00011600418740801885,6.405804622617176e-05,6.308246589683427e-05,0.00010174921004060105,0.00013843422624684298,0.00015367676074829284,5.846988456371803e-05,0.00012900659041894375,0.00010628861287560435,0.00015363054286123636,0.0001496109941230842,0.0001565695490443737,6.951230167076025e-05,0.00010377175376973522,0.00011442904119552017,0.0001263184413773143,0.00013082292802474223,0.00014545495601061076,5.5915054023402846e-05,0.00010089593965538828,0.00011719517683276748,0.0001303064928759857,0.0001663152713159294,0.00010682705821364004
40,0.00017074234985204538,9.414683933360639e-05,7.949862921173456e-05,7.939209242998649e-05,0.00012807532885041064,9.539343503838272e-05,7.539379454206909e-05,0.00016757198920356502,0.00014074407627699302,0.00010037201402858155,9.60154708118248e-05,9.654205619908662e-05,6.422802731473787e-05,9.46854980246081e-05,8.846335915792388e-05,0.0001458605823162442,8.941959404889923e-05,6.996609838914193e-05,0.0001158633185250242,8.483000178590267e-05,6.681084115810995e-05,0.0001063341630703877,0.0001121808902555752,0.00014391401618310564,0.0001473711547077721,0.00010516288750202304,0.00010189127073173963,9.82884241229096e-05,0.00011462672038442297,0.00013014493419570986,0.00014716275096128204,7.524417991089578e-05,8.411109218268474e-05,9.889358741183874e-05,0.00012440873461354757,0.00010907250243982308,0.00010806506097573114,0.00010852579402898637,0.0001281239686903951,0.00014749392195395681,0.0,0.00016045704894406088,9.95952424688067e-05,0.0001583345096361332,8.087738750707408e-05,0.00018041470357651603,9.315571944161251e-05,8.003541432504295e-05,7.621714910490054e-05,0.00016092512237846692,0.00019661126816374635,0.0001628519297767284,0.00015797700068188435,9.314834507446997e-05,0.00013861543362460608,0.00011328227825690678,9.422995722638408e-05,9.535351322956969e-05,8.004265898390103e-05,7.189972089205339e-05,0.00013572581976007786,7.431901070615096e-05,0.00016289623164874545,0.00011903240736275526,0.00011542352142452341,0.00015733723932411645,0.0001324151285161563,8.288075283204262e-05,0.00011667557689314753,7.877790666579794e-05
41,0.00014446899003839133,0.00012146557227433522,0.0001514382388766482,7.693408157828618e-05,0.00010699398019867709,6.679734760605365e-05,9.023930633371661e-05,0.00019358168876571226,6.855147220882075e-05,0.000148542994721162,9.941649091555308e-05,0.0001255728568046655,0.00010188192565511443,9.861246970572646e-05,7.442905405324344e-05,8.050078465989743e-05,8.319880898653622e-05,0.00010833883106536348,0.00010156216272433347,0.00020391358584110977,9.159181520088829e-05,0.00012431597055412687,0.00015537699274300644,9.04501043383255e-05,0.00010292607679286621,0.00013336754081733684,9.492670930664505e-05,0.00015515806901916925,0.0001131085271939039,0.0001280343599762269,0.0001272214180366884,0.00011271898892055925,0.00013416410697526319,0.0001305549147110377,0.00018314099428207864,9.512510307809949e-05,8.403154486787353e-05,0.00014718731699000834,0.0002058634431920533,0.00010730291143204945,0.0001299549388312826,0.0,0.00010218544247774102,0.00016916913276262128,0.0001621258456686138,9.770135871636405e-05,0.00012956918283494977,8.295374858816118e-05,0.00013185852320900067,0.00010757159621313556,7.437881991107348e-05,8.969488643616305e-05,0.00011947849870996898,9.075569006496241e-05,0.00011162965150353628,0.00016470400628843923,0.00017013747420071328,9.277942992616825e-05,0.00017255382915589101,0.0001732299224869364,7.733333924949431e-05,7.578979839926691e-05,0.00017760123755823014,0.00010839734701037826,0.00010440213814181507,0.00020738642676515053,8.1805164899422e-05,8.716585303467391e-05,0.00016198891453755702,9.279926539317374e-05
42,8.335982677356236e-05,8.626943251792866e-05,0.00021549963307154163,0.0001769014034490476,9.656895702103482e-05,0.00010177538834608818,0.000174136067428391,0.00013846745054372494,6.4498963582116e-05,9.040305636203685e-05,8.430419229708487e-05,0.00011016817145585326,0.00011574032314686053,0.00013743864365817245,0.0001045253013855689,0.00013019903510859976,0.0001005499898388468,8.792534031159059e-05,9.316917560240026e-05,9.028916035739447e-05,0.00017083493561027103,0.00010733681911387439,9.129163321081743e-05,0.00015535419077725797,0.00014509269465515047,0.00015101114224477357,7.112222520313364e-05,0.00016145116435440328,0.00012997595681762185,8.891182210709487e-05,0.00010616012365379684,0.00011218741350670047,0.00010267483747233418,7.23482627950241e-05,8.457458327914073e-05,0.00011365009278498751,7.090783051736432e-05,7.882316457558607e-05,8.418545530055277e-05,9.912018342204688e-05,8.583172536297047e-05,0.00011586160936846965,0.0,8.307355410172523e-05,0.0001716641916763039,0.00010744549672038455,0.00012712249857711494,9.46275616387766e-05,0.00011279704680753434,6.306410229619078e-05,8.92264313598057e-05,0.00014521565024725982,7.796236653453364e-05,7.702557391399273e-05,9.903634033058185e-05,8.50970380752449e-05,0.00013622364043756996,0.00011321779653532303,0.00011212803428391579,0.000143648899904607,0.00012340569969506815,0.00010978195424376324,0.00011253592837247923,0.00010511215491507409,7.487302965335125e-05,9.619813463143563e-05,0.00011808470123291705,0.00012441009166250886,0.00011317404487399666,0.00011515925391533777
43,0.00013692748152985347,0.00011898675352805273,0.00010229211325250724,9.225678782759649e-05,0.00014223375487025392,0.00011390711328014463,0.00013791027623228852,0.00014131639090987055,0.00010552475848079191,8.298755433362904e-05,9.363532853723987e-05,0.00010591274079082153,0.00015019564071184932,0.00018290472237274312,9.907993326582298e-05,6.440841553039789e-05,0.00016587879883600207,0.00010270296955114844,8.792609389931467e-05,0.00010878745751241688,6.870244628350559e-05,0.00011757896668964175,0.00014048395726822273,0.00011656447887384316,0.0001421924874611464,0.0001429745147064724,0.000180064750636655,0.0001225338422136837,0.00012089178329606093,0.00015047039992703554,0.00012437226565059138,0.00010983916635932636,0.0001827790319937908,9.864293975741595e-05,0.00017367482638247248,0.00017567423871158504,9.462171302435413e-05,8.170553444411629e-05,7.01184191740436e-05,0.00014109257145250126,0.00013515605638477583,0.00012310622704530955,9.077491684553749e-05,0.0,0.00016351783160938234,9.753884674691109e-05,8.727295417080641e-05,9.2043736170794e-05,9.037695938323384e-05,0.00010469253403298089,0.00014261481995305053,0.00016865263344939083,8.999550300394893e-05,8.270115466190247e-05,0.0001282559175081677,7.137906626819899e-05,9.467342935666104e-05,0.00011577407907140484,0.0001414926528505799,0.00014306831475558053,9.003710629769892e-05,7.264034716736836e-05,0.00012094164594451086,5.85707551787893e-05,8.03794193487924e-05,9.879983776991193e-05,0.00010771103485966026,0.00014341123483425252,8.591152466852533e-05,0.00010804580393479944
44,0.00013408171657281978,9.81000601935348e-05,8.12377595763493e-05,0.00012336115575072867,0.00015790691003605923,8.418339884331264e-05,9.884481837918873e-05,0.00015026660112729256,0.00013448631465144722,0.00014066741526436228,7.180387205002272e-05,9.187009973903741e-05,0.00022271247789919812,8.362905735525334e-05,0.0001410920323924038,7.724836593306035e-05,6.452141125086871e-05,5.9423562167222255e-05,0.000204113755264922,7.032128306715046e-05,0.00010415219731300867,5.8034621128983046e-05,0.00014007837405329094,0.00013189507564188843,9.83832946896391e-05,9.48028282012526e-05,8.33952605150953e-05,8.673231592719988e-05,8.796411383796922e-05,6.2884365036717e-05,0.00014512823635983948,7.986212615246399e-05,0.00019111226752763745,9.266942958051671e-05,0.0001230168772730234,0.00014140119782066706,0.00012646467236150042,0.00012251069006365194,0.00010111857442204237,7.389447131198471e-05,0.0001262194301988252,0.00019733354672324077,0.00014433859182812908,6.335354529825223e-05,0.0,0.00012067032127307101,6.80805832847988e-05,0.00012144146245530436,7.654244921070692e-05,0.00016109836005358244,0.0001897141114356153,0.00010194044912637964,0.00010661480235684609,0.00017686407867807677,9.28971199163886e-05,0.0001112818618822649,0.00011429229458225843,0.00017699289568576362,0.00015710927488528183,0.00015215875305527686,0.0001146452440605258,0.00010721760568618488,8.100043904648559e-05,0.00015058940485762135,8.63525902483641e-05,0.00010922395038876548,0.00010695497038553756,0.00010814152778683616,0.00014193867755783951,0.00012184718051851995
45,9.509894783702887e-05,0.00018013821818562824,0.00016160970441610138,0.0001690358738671407,0.00012974846754469635,9.075827791068195e-05,8.314971417340288e-05,0.00010265731865863185,0.00010791788640533949,0.00018623096440032776,0.00012698486555931415,0.00019584998808068867,0.00013745490865658348,8.857065773432823e-05,0.00010734320033005762,8.323762229843029e-05,0.00010986220689342195,0.00013357040419602087,0.0001175773715777608,8.576659074276397e-05,0.00011988581918709317,9.136028033856265e-05,8.892036501308039e-05,7.107192531012758e-05,0.00016012115913876068,7.618522430718756e-05,9.460589131346209e-05,0.00011005264281823977,0.000161821623454764,0.00011762778407827159,8.857378978473098e-05,0.0001823735759196692,0.0001574251678431708,0.00011941572649339498,0.0001340266675695763,0.0001339107328975742,0.00010712691748010501,7.275712555493783e-05,0.00013059956790718757,8.692796158205811e-05,9.869305534085227e-05,0.00014740137775096426,0.00011065999399651319,0.00014689687470295816,0.0001721176354383772,0.0,7.519074983543913e-05,8.9147961818219e-05,8.081509414914256e-05,0.00015372274553116007,0.00014421344852917755,8.138828604389332e-05,0.00011784527343686594,0.00014832671389486087,0.00010790059821345954,0.0001606394788992949,8.951907872639096e-05,0.00013514861757493016,0.0001170472810700035,9.769573496353204e-05,0.00017189938382687072,0.00011845665682628935,0.00015990047481812344,0.00014000535611231345,8.71653800538857e-05,0.0001245675054122477,0.00019434112631101138,0.00016394154605939645,7.495721275720993e-05,0.00010529293232793088
46,0.00010069506580203342,0.00010830385573386733,0.0001191960495734869,0.00013161596828027564,0.0001930901364033034,7.97507071385589e-05,0.00014030091963965137,0.00013473357811052776,0.00010581337184962905,0.00021496559917008568,9.046365391648338e-05,7.97701185197074e-05,0.00013749105040251205,0.00012973178253076933,6.786875116196059e-05,0.00016772862270594181,0.00010180100158661379,0.00014509362523908859,0.00014310895929749276,9.573487607159231e-05,6.574606685109613e-05,8.294032306956558e-05,7.425685049555135e-05,9.420971843783322e-05,9.410143591977943e-05,0.00010249002333885514,7.23375316137498e-05,9.654285439898929e-05,7.777108579738619e-05,6.794489791902468e-05,9.924257042102705e-05,7.031674435422043e-05,6.713810333459418e-05,0.0001251741069757898,0.00016428476511083938,9.869043438664812e-05,0.00014108167865247662,0.00012373421324054994,0.00013076430786017367,0.00013396982973582202,0.00010759827978575329,8.657754923352782e-05,6.787679741072412e-05,0.00014766869376843593,8.775482162964693e-05,0.0001227007171672117,0.0,0.00010434141074100296,0.0001216895015977277,7.829346734582966e-05,0.00013947135413581682,8.472086300918884e-05,0.00010804961490928882,0.0001033407481421756,8.20963498900128e-05,8.811297486936908e-05,8.27545378445102e-05,0.00011719848795586863,0.00015777675872429098,0.00017090289545997723,7.175633738692623e-05,6.0792583584740594e-05,0.00010240198696577748,0.00015975079400179984,7.777210610848731e-05,0.00010267290491578752,9.500441465635217e-05,8.409077162131584e-05,0.00015490118140313217,0.000144750078863238
47,0.00011934877786367967,0.0001441698735326806,0.0001271855791312404,0.00012644801283306432,0.00011124988197974734,9.37182900816487e-05,0.00012856459684549527,0.0001603716966603636,0.0001599440668740392,0.00013921212187574988,0.0001038534549150625,0.00011366054578589421,0.00016167283677719088,9.711869091042314e-05,0.0001262147118473924,0.00010510371987833015,0.00010030402752480483,8.450419665047583e-05,0.00014689523685364368,7.545250101554529e-05,8.577847441245084e-05,9.481635305430176e-05,0.0001237086696007662,6.609889466815929e-05,9.654646692102752e-05,6.813045127403176e-05,0.00010553990686990181,0.00011278733207481985,0.00012487639742866957,0.0001243101906116433,0.00014375264549320116,0.00011506138034566802,0.0001759057293329541,7.348729567045566e-05,0.0001605193904117369,0.00010667716950797475,0.00016642876106248342,9.348398527739568e-05,0.00010907709397528514,8.512629541590655e-05,6.180301686812066e-05,0.00017156825099487642,0.00015339595280213303,0.00018798883826670368,0.00011562408999097878,0.00012741262649991353,9.265452337233306e-05,0.0,8.181899632772174e-05,7.204570235441597e-05,0.00010054615404081925,0.0001539276934428069,6.460772226407926e-05,6.810705780786999e-05,0.00014086018570373543,0.0001459489358996505,0.0001522056413931906,9.286657122499569e-05,0.0001570451885510128,0.00015913245239255664,0.00012629325571950333,0.00011757234251785538,0.00011852500552296672,6.20623830764933e-05,9.802023282128807e-05,0.00010906144311046896,9.673149852531937e-05,8.383586430503736e-05,7.774538813755554e-05,0.00010473821926039841
48,0.0001246147833084717,0.00010317099762675172,8.00268199683235e-05,0.00010141950327367385,0.0001156367798644912,7.254316091674925e-05,7.62625304214048e-05,0.00016404541150632907,0.00011333814126873753,0.00010974167369037496,0.00015087792579558803,0.0001076121476340219,0.00016122108301102993,7.520551355303036e-05,0.00012928931132435395,9.211274011496483e-05,8.440100235164597e-05,0.00011980513583253018,0.00011800606259042538,8.683805135671208e-05,8.452499963718456e-05,5.493185692340129e-05,0.00010282423967479254,6.0400337566716067e-05,6.689698324004738e-05,8.165177750011679e-05,0.0001556216475428036,6.789347148555376e-05,0.0001276293214832402,0.00012652153398670524,0.00015309316452418145,8.220069863494003e-05,7.426477241255276e-05,9.009652338916881e-05,0.00018140082441044035,0.0001571114172360681,8.406174181521816e-05,7.977984779998661e-05,0.00010222861121277652,0.00014583297276237454,0.00010710120731127751,0.00017242301760247248,7.465684423007015e-05,0.0001536239509620716,0.00021220713658861592,0.00013500523957973113,0.00012016659738563125,7.335047189529586e-05,0.0,8.542302215868295e-05,0.00011490579190753447,9.649915667481876e-05,0.0002060601657776417,0.00012209739487910616,0.00016195861733827997,0.00019165428324254872,0.00013126822498169306,7.625910006077851e-05,0.0001185306522763389,6.705381778125769e-05,8.322488479135676e-05,9.757325567636334e-05,0.000123441403731919,0.00011924315107114937,0.00013751562647948117,8.533501065166115e-05,0.00011325998810223578,0.00011031227181370384,0.00021102282706830235,7.674574104980004e-05
49,0.0001437705381322787,0.00010639086083064302,0.00013947334356725677,0.00010573544334599624,6.653016008055648e-05,8.706546615202977e-05,6.918377622735936e-05,0.00016164261641725988,0.00011551034480495551,0.00013295853737770727,0.00010781043654499914,0.00010452592151099869,0.0001328565368760632,0.0001073336340475938,8.613403270278683e-05,9.736866678111934e-05,8.009108692561596e-05,6.818970224549993e-05,7.427083762823251e-05,0.00011257608467891479,9.110323926525221e-05,0.00012429972939845336,0.000136087047001011,9.39705440516531e-05,9.464717293013205e-05,0.00016894471674648416,0.00014461130190123942,0.00010283176756666442,0.00011638304303109422,0.00018975242451967154,0.00017153633073396286,0.00011905327350382102,0.00010027988630078982,0.00010526075683241917,0.0001359849617736559,0.00011695634873899569,0.00010487370084071644,7.08429497762113e-05,9.173527876537876e-05,0.00010125122156373137,8.661868130693928e-05,0.00015951308544002654,6.0352261288046417e-05,8.770317570483073e-05,6.97493442159557e-05,0.00014607773801145784,0.0001205217144624391,9.456174131844301e-05,8.870853796313878e-05,0.0,0.00013374640583782685,7.339210679037683e-05,7.615963245562112e-05,0.00011292030449244438,7.98112044690328e-05,9.315949451862715e-05,0.0001498019694128683,0.00013024371478785441,6.658208279096178e-05,0.00010926042777446382,0.0001368880171228265,7.712584885012472e-05,0.00019754178377483624,7.857109033175528e-05,8.091589118177498e-05,9.879253898961375e-05,7.120126410392335e-05,0.00013072479566352883,0.00010469649863110166,0.00019518607466521105
50,0.00015944534360300862,0.00012475512896689136,0.00012902160289266496,0.00013126813715069507,0.00013223536749860576,8.107431713967124e-05,8.373514489970367e-05,0.00012102957321878922,6.275640237006848e-05,7.836069717061433e-05,0.0001433939400388958,0.00010170533693256208,0.00012269395580176523,0.0001330811318965153,0.00012475823701393958,0.0001255099586364299,7.854091554724841e-05,5.3655633311604263e-05,0.00010107745122248874,7.288934260559812e-05,9.808467432698911e-05,0.00012419413762319574,0.00011170178188259484,0.00014753356714927528,7.379915886170549e-05,8.100067893830953e-05,0.0001176086421613418,6.282316077913933e-05,0.0001325997699375279,0.00014987960296328087,0.0001844992996308776,8.44255822524898e-05,0.00012098744237576888,8.589130188418527e-05,0.0001186307019378008,0.00012090041507475381,8.946048938309252e-05,6.563626234135515e-05,0.00014607827489764998,0.00014825335203308778,0.00010410644569580739,0.00010278494040849603,0.00011758151433920534,0.00014712949399263905,7.23185215220142e-05,7.381904173675318e-05,0.0001232070610134242,0.0001007050096738356,9.545923463322971e-05,0.00010427802672149972,0.0,0.00011547187972322284,0.0001284981017450525,0.00012781475854923457,9.429758550574901e-05,0.00012844547816452236,8.957971579744693e-05,8.674716513324942e-05,0.00011527042140327913,0.00021543002666457898,0.00011003540940920001,6.537528197223757e-05,0.0001032103483635464,6.566643812615344e-05,7.111440588589556e-05,0.00013370604363889248,9.663896412608288e-05,0.00011894142824097762,0.00012093980904146153,0.00012036484883145067
51,6.927349576798324e-05,6.0609947923948823e-05,0.00013874191901842847,0.00019211870764802781,0.00013226348390628096,7.64362706889909e-05,0.00011916974859369998,0.00013798211134144267,9.352310520741553e-05,0.0001086283773741066,0.00015765543780111964,0.00012390705958588514,8.032031777963035e-05,0.00013588018563820086,0.0001013699144096395,0.00011924981268270314,6.378756611731874e-05,6.582158836148341e-05,6.481509940915847e-05,0.00015626264132518757,7.683335980360203e-05,9.87861678102976e-05,7.835705228741109e-05,0.00014011202137583065,0.000108173399527216,0.00013801317592564792,9.402827767733885e-05,7.374042385402676e-05,7.417682874028098e-05,7.391004315479498e-05,8.762393625019887e-05,8.952444508083146e-05,8.831998343252008e-05,0.00010178576298247622,0.00010462986414696022,0.00013933443632596783,9.469796565276152e-05,0.0001504347522563998,9.54069263090148e-05,6.129053436879561e-05,0.00010267246984068995,0.00015771000078641112,0.00011430787098292074,0.00015438565083782343,9.9804993288758e-05,8.656027676251012e-05,6.996544890743398e-05,8.574105285823034e-05,6.936437262470599e-05,8.601409013225213e-05,0.00017065937254249675,0.0,0.0001027960454222631,6.675379057504742e-05,0.0002365143353210749,0.00016693694426320974,6.324053918948192e-05,7.942562254302172e-05,9.829433669184014e-05,0.0001591647152463374,6.069372584127584e-05,0.0001593916691419968,0.00012344818487425855,0.00012820437104022194,7.584007505949416e-05,9.178969927872645e-05,9.45658686758574e-05,0.00013244939530671158,0.00016817204378110728,0.00012624526107114662
52,0.00014244913506678987,9.802442668474968e-05,9.045093068687535e-05,8.693692108026148e-05,8.217073482813102e-05,7.380842799467817e-05,9.299105646550263e-05,0.00011351918806853448,0.0001471082461762632,0.00020168003297293537,9.726702683405066e-05,9.272894453881897e-05,0.00010747360732811646,0.00013155046414855948,0.00014903386820016326,6.873992079352138e-05,7.694458181651024e-05,0.00011934628664692674,7.054774337475193e-05,7.322866419653372e-05,0.00012058192170954226,0.00015380324214963394,8.863317334882723e-05,0.00018762022597706033,7.160401768760251e-05,9.290052645855101e-05,0.00018388751451269624,9.745270001808897e-05,7.206336305779104e-05,0.00020028685012241033,0.00014339202255187419,7.159453389002287e-05,8.876307566662758e-05,0.00011838412565341685,9.359269908284284e-05,0.00015753991199614822,0.0001339624098419779,9.03596186641614e-05,7.093006868299447e-05,0.00012674088148123953,0.0001010334756573902,8.462270542064525e-05,5.5869704613068734e-05,0.0001374848298381141,0.00017199587950082537,0.0001161829974054821,0.0001402103846732531,8.118561079168385e-05,0.00010986637367679591,7.991672838906534e-05,0.00015154728277205965,8.53855354454221e-05,0.0,0.000134743442731323,8.924499406019043e-05,0.00011472845362793406,0.00010662938925755231,9.374097394524832e-05,0.00012552335490472952,7.223357873616394e-05,6.440847570677407e-05,8.62834817003045e-05,8.640804674201415e-05,0.00013400236577513222,0.000134332780436022,9.183687242984074e-05,6.885455964124676e-05,0.0001022117912484143,0.00015059662975317001,8.030754629189318e-05
53,0.00016689898551220772,6.388407708233672e-05,8.822668376868956e-05,0.0001778113316272483,0.00014672865846789801,0.00013005301560640352,0.00020076415547030777,0.00011325872057723238,0.000100025304956066,0.00015568173920645575,0.00012203166810850794,0.00014408976226592887,0.00014667945229764455,0.00011034619149425745,0.00014223513276531005,8.780116975498865e-05,0.00012080011744016843,0.00013419740728299893,0.00013311405141442406,7.4821004656755e-05,8.883986603167208e-05,0.00017037887525559017,0.00010223760693425863,0.00020008966977044825,8.726755216966428e-05,8.112124454024988e-05,0.00010967288581321055,7.430470879325281e-05,0.00013353008330273583,0.00011655906381857385,0.00015651730757928293,0.00017718350695975662,9.604107249496074e-05,0.00012463735519394913,0.00012081341287759214,0.00011355849311776704,9.661813063152527e-05,0.00012491334256724108,0.00012140459355400868,9.608692512661911e-05,8.36962519719113e-05,0.00011395664096001463,0.00011078923472271621,9.71907671916963e-05,0.00013026020546066168,9.663634721445994e-05,8.160079329193346e-05,9.534557729932803e-05,7.540318783019584e-05,0.00016606004798044697,0.00014556999739108093,0.0001251757515487623,0.00018765422072876484,0.0,0.00022996150054374316,0.0002152123003773287,0.00013105229852785775,0.0001969989905277346,0.00012896985175707616,8.346506029420008e-05,7.44021415119164e-05,0.00015112300776633493,7.709194987975346e-05,0.0001743452913643755,6.778173127674404e-05,0.00010418349601177281,0.0001029623191131338,9.922875950246894e-05,0.00010384584649298961,0.00010372513035062336
54,0.000198533083031262,9.533034942257296e-05,0.0001356137228318048,0.00019284515439243666,0.0001571467616446182,0.00013250592968969265,8.662411284393242e-05,0.00012782863440654327,0.00013744646409713943,0.00010850479938946135,8.330679505250645e-05,0.00010755505433106864,9.468397983016968e-05,0.00015024383409453508,9.542895504989982e-05,0.00011598361513723353,0.00011113891272087512,0.00011844895410093975,0.00012020389716694501,0.00016125525440127342,7.321550281516893e-05,0.00011928414804353078,9.053782464337311e-05,0.00013750283944818405,7.478853307999558e-05,9.02357735546384e-05,0.00012852908506805918,0.00013937324580509867,0.00011933864021782992,5.695464911153657e-05,7.882439058308808e-05,0.00010354725726730712,9.383870177236241e-05,0.00010671393392756618,0.00016582876942356213,9.592920114330288e-05,0.000101861971426808,0.00010945073154595283,0.00012672393297154334,0.00010627695215846077,0.0001218492160613941,8.589764547366144e-05,0.0001454160550056115,0.0001324982493899082,9.333603238292553e-05,0.0001135389891833064,0.00010508189977989127,9.645600572602324e-05,9.263515208646488e-05,9.889263914323403e-05,0.00010042513463423578,0.00013501289118193416,9.365291093422333e-05,0.00011091152334305517,0.0,0.00011430791537671546,0.00014103351045842034,6.723747190385969e-05,0.00010810519253935674,0.00013429909920616525,0.00014605170007062112,0.00015768834318041408,0.00011318648795052471,9.749921563670316e-05,8.52778395179156e-05,8.227505472679056e-05,8.813045386546204e-05,0.000130012543607422,0.0001642660543386883,8.582857713733551e-05
55,9.216893278922957e-05,0.00011877623830776442,0.00016045274018157822,8.161656753585873e-05,8.602416038863403e-05,0.00014311725395291364,0.00013880147921914392,0.00019312468226296658,9.14849894190326e-05,0.00016061081927589053,6.493213820806761e-05,0.00010888417036655119,0.00017315996658935463,0.0001670235490785836,0.00016250703817484644,6.935185017836355e-05,0.00013943882681323499,0.00012871501977782736,0.00014068163699960256,0.00012723283890877967,8.414104758122925e-05,6.749949229508131e-05,9.605470391300571e-05,0.00013187278609453972,0.0001477340493027022,0.00011538954044920485,8.799859814786736e-05,0.00010034604780781408,0.00010949405449203276,0.00010016226221996308,0.00017117163053389345,0.00011567561335931524,0.00011786140213227832,0.00016887992783082243,0.0001321959212149454,0.00020044926362655007,0.0001517923374232368,0.00010409754410116804,9.852291314838502e-05,9.967414916308422e-05,0.00015081331192822486,0.00011770320845949303,9.833958791145172e-05,8.001431413897096e-05,0.00023068431668499435,0.0001022400925953974,0.0001459710841222845,0.00012435498224176811,0.0001436187205650797,8.821929919517256e-05,0.00010711467699192842,9.584580636362557e-05,7.108214985285776e-05,0.00015488550115523066,0.00015135778515719942,0.0,0.00012528626326568254,0.00014479952744508336,0.00014476672242929906,0.00011792060452921199,9.02840654765609e-05,9.41231971546468e-05,0.00020671302333357883,0.00013084807772829885,8.952671304923946e-05,0.0001504106187834183,8.785791236476118e-05,8.678681936068052e-05,0.00010095136214057284,0.0001291283568533897
56,9.341948402727244e-05,0.00012565318587410654,0.0001455587382379731,0.00011890012536937973,7.852923471588191e-05,0.00012069022610084457,0.00015724252657362575,0.00018249079986895362,0.00010620404354515627,8.677320318187778e-05,6.94039770972623e-05,0.0001158145868285986,0.00011609072204888343,0.0002035798311399688,0.00010775161649303569,0.00012855938759578195,0.00012942271555020215,9.641221516209991e-05,0.00015984486296657965,8.911195360552073e-05,0.00010708344283607009,0.00014398448409906424,7.095800000834007e-05,8.329209872018058e-05,0.00015583935672571297,0.00014587798627960363,8.261175806222357e-05,9.682003572254772e-05,0.00013059825437024912,7.141751194097053e-05,0.0001035306508355104,7.063946679705622e-05,9.239240623794436e-05,0.0001368448237457306,0.00016119450610548733,9.094277931885905e-05,0.0001628460589449714,0.0001707923576234599,7.296970938241425e-05,0.00017049743730333214,0.00016400492591702145,8.029919597367404e-05,8.748505965174645e-05,0.00014016694100644868,0.00010322314959475071,0.00015122016872082538,9.577575043038444e-05,0.00014633420871770024,7.628155509068759e-05,9.997239272939436e-05,0.00010981023175267119,7.365615786647158e-05,0.00012877517265626447,9.305657258482475e-05,9.879694307967518e-05,0.0001407808310823334,0.0,9.145784753900027e-05,8.459793483022343e-05,9.871416123899192e-05,0.00021419915968345153,6.108731655053057e-05,6.980067904040126e-05,0.0001050805953379329,0.00011825041658034418,0.00010884649275312812,7.835369235309436e-05,0.00018987824878562265,9.473281616412364e-05,9.804546640562212e-05
57,9.814032057199593e-05,0.00010095854444968067,0.0001226604398079225,0.00019034133439339135,9.085636678586583e-05,7.2983997797095e-05,0.00012445749413946282,0.00012756614758796146,9.195713375285611e-05,7.924016301258063e-05,9.244297466009269e-05,9.72132387478597e-05,0.00011439031192573521,8.222110249776396e-05,0.00011321170320241578,0.00011239534971431909,6.0567500924446194e-05,8.405329952641438e-05,9.615967954883918e-05,5.968888470322456e-05,0.00016272067922233025,0.00012197499470727952,0.00010034356082493606,8.633842765309142e-05,0.0001255191242707618,0.00012836350194245254,0.00015749491560291268,9.852622757286741e-05,9.69717281361818e-05,9.385045364868931e-05,6.223856092066274e-05,0.00013612147122324319,0.00011660685637429614,6.469264971049065e-05,8.961875392523409e-05,0.0001776196993643179,8.986433966070187e-05,0.0001268190065680272,8.959457803292678e-05,0.00010494070144673858,6.227846479518731e-05,9.71987897970624e-05,0.00011569178819652632,0.00016963845288321317,0.00010224417927252972,9.72124130075593e-05,9.342324033209327e-05,7.844528549768947e-05,7.703981016083357e-05,0.00014945257510767245,6.914244478940549e-05,0.00010114801095958994,0.00010784303538029761,8.274677676293573e-05,0.0001162856048178636,0.00017474014344972052,0.0001439786652609118,0.0,0.00011568414414023376,0.00015541911168531335,6.816968695537566e-05,7.641525421110847e-05,7.19134416808784e-05,6.169761295940613e-05,0.00010605961069094417,8.802236748309805e-05,0.00010077380184415431,6.261602799927596e-05,0.00019516750972270095,0.0001304109701747016
58,0.00010469110718337546,9.897610898571404e-05,0.00015265370318881302,0.00017512328872719673,9.21055219939708e-05,0.00022943757060756728,0.0001483080961066307,8.480383652446684e-05,0.00014759010316822588,0.0001582897344890904,0.00010370133038110828,0.0001068940526956312,7.824765588978394e-05,0.0001068434329118005,0.00010235123375151243,0.00011648037325995692,9.255895520363643e-05,7.347547601845958e-05,0.00013316705682657058,0.00020980569275794907,0.00012788735396317946,0.00013374752881343632,9.665663546755175e-05,0.00016499281948267842,0.00018838757208323418,0.00012439918787902308,0.00010548270123018079,0.00010740607054386913,0.0001345430305746554,0.0001714361417136487,0.00013986838414025432,0.00011631081229620082,0.00011448688022299107,0.00013434727431861166,0.00012543826072387485,0.00015480543792626987,0.00011864057872750742,8.935903471379127e-05,0.00019298402023412375,8.559368148258121e-05,0.000142727612299282,0.00016136966815489398,9.55563732983576e-05,0.00011920331836593044,0.00014205710316008335,9.885639271975616e-05,0.00011016936449972041,0.00012901520956090754,0.00017961517314396517,8.96785918327787e-05,8.04277120696794e-05,9.118027339281117e-05,9.329739106317673e-05,0.00012370212971851832,0.00014265827141361922,0.00013911348039298094,0.00016577679444784,0.00010675809685041954,0.0,7.473785772376747e-05,0.00011037519541524245,9.126844541738407e-05,0.00012238340850693406,0.0001329678650182241,8.104865078508253e-05,0.00013137045755735072,8.51815465384663e-05,0.00010287537956662053,0.00014131135980140818,7.115056762242275e-05
59,9.455405605670926e-05,0.00010851668693976504,0.00010541386749752256,7.665753376555993e-05,0.00010749367082427026,0.00011194980648154163,0.00017005662035102497,0.00016310087071525414,0.00010080705528192629,0.000138380798405551,7.428988693643019e-05,9.972023000178594e-05,0.00011528945916520401,0.00012073768787295972,0.000128969373151569,8.970791340758366e-05,0.0001294526415232072,9.633583451199684e-05,0.00010150475881977206,0.00012168034149853384,8.986068557434221e-05,8.09611752882451e-05,9.001933420987368e-05,0.00013597475793215058,6.830423765156873e-05,0.00012866656434478368,0.00011138911222037695,8.185070331867809e-05,6.486074911465071e-05,0.00012388871467192868,0.00011217667687243887,6.192521331696202e-05,0.00013959726571899708,9.4003109083806e-05,0.00010743136800600357,0.0001325096669216372,8.016051781015523e-05,9.039612773290855e-05,9.700354649744152e-05,0.0001421680094921967,0.00010468700238862553,0.000100607865000786,0.00015774907248670145,0.0001079203560774752,0.00013504486815860129,0.00019992599300782166,0.00014963102750398984,8.590747058447804e-05,7.454406127036554e-05,0.00010712653727261688,0.00010463422080569118,0.0001414940077402138,6.234691759831113e-05,9.60529997020398e-05,0.00011288588659577692,0.00014527931422469762,9.319205739557343e-05,0.0001118970506773427,0.00011932046007326004,0.0,0.00010756812777382219,8.645290202115827e-05,7.325322043783994e-05,7.869942818346736e-05,7.938198861831006e-05,8.444233437913509e-05,0.0001718370274596537,0.00014211756522534055,0.00015853203406516098,0.00014584054779320714
60,0.00013203081164060598,7.532755803043567e-05,0.00018163508531630432,0.00016976781778551785,0.00013115111163425743,6.822545036003102e-05,0.00012225590897869365,0.00012838898737992143,0.00012940993571844853,0.0001082149312297273,5.6669330815525685e-05,8.348465803637454e-05,6.866425269610003e-05,0.00017739048731706968,0.00021821732070783544,8.998651988218673e-05,8.322923712391721e-05,0.00014457881783442548,8.440824824620819e-05,6.118636282600533e-05,7.904014088245592e-05,0.00011920518479037378,0.00015423843561065427,6.946583182383216e-05,6.845426725283093e-05,0.00020072374548895958,0.00010264704999766135,5.588150135120417e-05,7.525982334756018e-05,0.00011601850962177238,0.00010728226803694784,0.00015007461991266361,0.00016782815383888366,0.00011263269120066805,0.00018441265936770877,0.00014065820064641349,0.00011389505274588339,7.518982855294284e-05,0.00010504203522914758,9.526220516281052e-05,0.0001015526243616402,9.448735121895718e-05,0.00015337919486023397,7.668057199393708e-05,7.244499141317542e-05,9.801019614546748e-05,0.00017014406005260184,0.00012284116155727269,9.562192709674974e-05,7.945132687610573e-05,0.0001455678315471475,0.00010121969795893049,7.992789499217101e-05,0.00014355341685976772,0.0001236887733897767,0.00011377570188564878,0.00017662640687966065,0.00010026594148776954,7.549660016672241e-05,7.804660372892313e-05,0.0,0.00014690473584232707,0.00018111746728544895,7.825305167519175e-05,5.309193249052751e-05,0.0001140495577600829,5.789308983625007e-05,9.047650447334895e-05,0.0001146425943873275,0.00011263946769925268
61,0.00010570701671625813,6.818253487311244e-05,0.00013683003926117244,0.00013543827469236994,0.0001053355608926016,7.111199643419163e-05,0.00010846757121776027,0.00014297976285033003,7.6284218127785e-05,0.00015366964564328213,9.84593751581443e-05,0.00018995028974152966,0.00012472397232829623,0.00010702285231435663,6.45679405578359e-05,0.0001487314982097355,0.00011459592327325347,0.00010603930603518223,7.011822540748481e-05,0.00011028165273833681,9.800601534026623e-05,7.354373447314848e-05,0.00011375847949768371,0.00011279440361111529,6.202814509115157e-05,5.846393074269519e-05,8.745819536132948e-05,0.0001245284860192113,0.00010667118911229128,7.053428911613014e-05,9.924844546492357e-05,0.00011933805892353592,8.93756040152228e-05,8.298474393676331e-05,0.00027866392581262373,0.00011383610093308308,0.000101892767759614,0.0001338950372670506,0.00010101232862895607,0.00012707062124855465,0.00010355568665438595,0.00016977115985629485,0.00011479299415830507,9.609016781119944e-05,0.0001234769134685894,0.00010770452623274108,0.00014145551902308403,7.827183818090669e-05,7.353620922592708e-05,7.582494072216141e-05,7.786606271266877e-05,0.00010935147894819023,0.00012869318547235737,7.586364322054073e-05,8.123752048384676e-05,0.00010622120945328726,0.00017126056120276892,7.716655623571726e-05,0.00013818104254395162,9.417891125017812e-05,8.403009340193848e-05,0.0,0.0001342869947573885,8.352391724787388e-05,5.820409097520427e-05,0.00015289973097934367,8.93442599180628e-05,0.0001577690966549568,9.74594528018191e-05,6.532944678675428e-05
62,0.0001315563681555377,9.15703960909086e-05,0.00011607114555953336,0.00011455842850697368,0.00013207043289151444,8.133897616877893e-05,0.00011575661026543604,0.00016275251878985992,0.00010212760747884874,0.00013291836217568158,7.077376338683219e-05,9.731713709485744e-05,7.982884782190347e-05,0.00014474718379176377,0.00014802572805049205,0.00011227623406084196,7.069462107357035e-05,9.356189079038581e-05,0.0001393464657339173,9.790470276912344e-05,0.00016654638103677063,0.00010325729640084352,9.614235749935582e-05,0.00013600968139744596,6.490268506749284e-05,0.00011821107170648906,0.00012094295772301017,0.0001469194094849045,8.801696048867665e-05,9.623744132480627e-05,0.00018086920527732832,0.0001264173057111806,0.00012258284166875464,9.206224497779063e-05,0.000136454492051108,8.281194009572653e-05,8.321132658175974e-05,0.00013314273559154722,0.00012859250953785816,0.00018963200821581655,7.971231155282306e-05,0.0001455107196582878,0.00014823302469929307,0.00010869009768510299,0.0001485729546421879,0.00013514386770467813,9.078767006944991e-05,8.700147008010015e-05,8.657332394790222e-05,0.00011600744483355052,8.644840010851305e-05,0.00012074785034227473,0.00014112528364334108,0.00011252090692853515,9.697230952314014e-05,8.603693919863479e-05,0.0001412943596123013,0.00010593736278348355,8.283142088346964e-05,0.00010413671028657888,0.00010430207918159998,0.00015100156643625768,0.0,5.361030045306287e-05,8.454594667350642e-05,0.00015287594734841542,0.00010011988503731955,0.00011524220941772422,0.00020654512443066302,0.00012927492800001597
63,0.00017082578823360533,8.031038748145973e-05,0.00011388102494672869,0.00010902326354579187,0.00010933874956750925,0.00010597772203132453,9.124691788851239e-05,0.00016180447783504213,0.00015248871600509394,0.00010001921904485091,7.76321954480898e-05,6.598326806282596e-05,0.00011216426501545684,6.71310050680167e-05,9.10074265938429e-05,5.374358510993638e-05,6.506150316497229e-05,9.177970347366727e-05,0.00010487795653633429,0.00011753568912926544,0.00015699869177043658,6.428817628983773e-05,8.556727286095589e-05,9.640231749838316e-05,8.346459029646461e-05,0.00010855925196062577,9.658590643279454e-05,0.0001335036386875289,0.000116675522134782,9.015678007118516e-05,9.780395187928327e-05,0.00011180220902518987,0.00014085346752346325,0.00011198752636025913,0.00021611130088048844,8.889664218108089e-05,0.0001329265533647656,8.41626964286763e-05,6.812606912971595e-05,0.00011739546120311411,0.00011215801877985103,0.0001125739402328983,6.36889060361011e-05,0.00010070145353902617,0.00012937327804354574,0.00013782382703670667,0.00013670302169098666,9.760853100122223e-05,0.00011911683927613426,0.00011544226748068171,0.00011319493786238632,6.906948517950875e-05,9.664845097578212e-05,9.233506242460837e-05,0.0001397144606688259,0.00016233006291742965,0.00010341799591220107,7.474282993158016e-05,0.00011543300261004048,0.00011204866120838803,0.00017025204570955734,0.00011098824148723527,0.00013774989822018782,0.0,9.37937292463604e-05,0.00016021239207927854,7.765947365979918e-05,0.00010138635219391167,9.923714845009086e-05,0.0001157569541294528
64,5.731374202631469e-05,9.00552846387309e-05,0.000142305167169559,0.00011673663165661033,0.00013394254556687714,7.367985414847693e-05,0.00011597041215516413,0.0001261255639551838,7.24665610922109e-05,0.0001077383634439771,0.0001307527599431822,8.44239326356737e-05,0.00013355205411209593,0.00012213013404741618,0.00015883730557956341,8.536852899573137e-05,8.347039319932169e-05,0.0001286287226795356,6.744140059575292e-05,0.00012159043235905132,0.0001100710803148615,0.000125620362679597,0.0001056955164808905,5.898418591012307e-05,0.00012941234182983516,7.033421322101492e-05,6.0446169033985055e-05,0.00010008944464656238,8.377813826609605e-05,0.00015178686322341774,6.848221650424292e-05,7.580351899908571e-05,8.846425742790028e-05,0.0001217189263937416,6.609070206687497e-05,0.000119345620535466,7.392868139059387e-05,7.380640865080439e-05,0.00010279408046831515,0.00012657092766047996,9.705215604792251e-05,0.0001253153185105358,8.07209704900979e-05,0.0001719285879324311,8.662577028048557e-05,9.187203775261545e-05,7.355378502792845e-05,0.0001306860111403621,0.00011551168492044551,9.736595175396064e-05,0.00018921185439796625,7.648944172247772e-05,7.545258527109654e-05,9.799863976656508e-05,0.00010332328147571565,0.0002033490284302255,0.00010125737674412683,0.0001065145175882254,0.0001591124497385826,0.00014828987723345665,0.0001403050768980458,8.950001316033805e-05,0.00017056560765951986,0.000129990597242327,0.0,0.00010700114018454201,9.989687443794104e-05,5.753845839441971e-05,0.00012917835641424748,0.00010666941770926962
65,0.00011021665283733496,9.619669505727402e-05,0.00011739337716963132,8.972340196800182e-05,0.00010917067483455838,7.215215293568221e-05,7.954726657310257e-05,9.338705646470678e-05,0.00010364936716653944,7.00601964389697e-05,9.166812819397099e-05,7.446582179422453e-05,0.00011691262004766413,0.0001434861981051979,0.00013049140998188085,7.048832226829566e-05,0.0001135839569597798,0.00010272849396088809,7.289284824559678e-05,7.709064389445018e-05,0.00015130961015440953,9.085513566473217e-05,0.00011387594127755303,0.0001447224402196852,7.407851270264982e-05,7.269099943370417e-05,0.0001701115087994617,7.200536979768595e-05,9.14185440363779e-05,0.0001297811230900745,9.148606271736365e-05,8.306377980008976e-05,0.00010304816698337876,0.00013690939343904515,0.00015604334970299404,0.00012359702218738548,0.00011921193064338826,7.068048808674455e-05,8.884601618117297e-05,0.00014769305108172415,0.00013980798075596265,0.00010993451219118955,9.91899988670723e-05,0.00013819632069664815,0.00013638373250011372,8.20399061326625e-05,0.0001476894713652789,0.00011867780517751909,0.00010857376159608321,0.0001274971159130579,9.669547767223886e-05,0.00014266543012169362,8.781133122000123e-05,0.00011522354624779669,0.00010501100580110092,0.00012811533702166447,0.00013885229994036854,0.00012003645876448849,0.0001420686594451975,7.011312995166465e-05,0.0001150803671314917,9.854399179651725e-05,6.574102912549209e-05,0.0001316255830921454,8.260566212142286e-05,0.0,8.242366480452842e-05,7.161335092631721e-05,8.071567358110043e-05,0.000157565126231127
66,0.00011730140802697701,0.00015970354390743146,0.00015731236935974844,0.00010320674037870716,0.0001048284815755508,7.760003209830537e-05,0.00010311363835492934,8.009677977509236e-05,0.000128219104266635,7.161665910275752e-05,9.572569034665031e-05,0.00016466865338805075,7.186322297757741e-05,8.303201026375237e-05,0.00011471696510348987,0.0001226668022873694,0.0001040211502480392,0.00011340759978181031,0.00011030442977644994,0.0001291123135622009,0.00013572581790938587,9.234186922903078e-05,8.478755136154676e-05,6.578935763134765e-05,0.00010788303636263505,8.195945024926297e-05,0.00010054395383761683,7.357716387322263e-05,0.00018401490865902322,8.947041573897835e-05,7.94508911797617e-05,0.00010604230085964343,9.2625968179508e-05,0.00013087666244594552,0.00011459849657106594,0.0001394806782256078,0.00011663569912096739,0.00014205776890518303,9.261924148622068e-05,0.00013923002024212341,8.186699156115781e-05,6.719527038886479e-05,5.083873276074296e-05,0.00010594453923186973,0.000147486504878713,0.00012284693294867705,6.865528350824371e-05,9.31076718534512e-05,0.00011517584959158817,0.0001091957542560304,0.00012427477921198618,0.00013409652005253752,0.00011799035054555073,6.50199051234212e-05,0.00015944216540880862,0.00012026803962621268,9.005111641933653e-05,0.00012958690153920194,0.00014007023940938195,7.54388255546004e-05,0.00011155998574976375,6.163306369495576e-05,0.00012915585441174184,0.00010535457723380646,8.045654528737826e-05,0.00010344499420411353,0.0,7.948708200591243e-05,0.00012208954364702998,6.944841604609463e-05
67,6.097387999043392e-05,7.94284674175225e-05,0.0001245481978101504,0.00012718641616761675,0.0001558947801834621,0.00015868129361673795,9.40618261560975e-05,0.00013880920171108785,7.569684551377362e-05,9.210702645151613e-05,8.80054042568845e-05,7.03035834439778e-05,5.8608202141528246e-05,8.780230710243614e-05,9.694754076818296e-05,9.880083145494008e-05,9.905208412514262e-05,9.646653049468602e-05,0.00012428853183545625,8.919423042420466e-05,7.317492104697313e-05,6.997832382379808e-05,8.038457610108175e-05,0.00011608622761955931,7.70586008328718e-05,7.632968612832471e-05,0.000194750574135396,8.518784625431e-05,8.630274048684495e-05,9.082043855458802e-05,0.0001366485661767094,9.847718114644555e-05,0.00010525265918377161,8.322191757840958e-05,0.0001370916355338902,0.00014029862466623732,6.280595276286356e-05,0.0001384805388963025,0.0001449236282864409,0.00011890189008437267,0.00022069033576486294,9.21026265220681e-05,0.00012398149953629048,0.00010265473373588762,0.00018266371030785286,0.00011552145328724473,8.232486085332533e-05,5.921450078478252e-05,9.469135444701908e-05,6.892839032112561e-05,0.0001617565338501448,9.8771096527136e-05,9.56540886222734e-05,0.00012540475846902713,0.00017518879027425676,0.00012496428588521584,7.334385386349233e-05,0.00015407845073900876,0.00014576683389526748,7.818042918684551e-05,0.0002404450457825345,0.0001304163001119832,9.4293670516604e-05,6.644484806673284e-05,9.270516931757686e-05,8.015875951112938e-05,8.308633818776616e-05,0.0,0.00012113314017329259,0.00010131563561534302
68,0.00010986076372113918,7.19307926722364e-05,0.00011081795724750733,0.0001350115074218618,9.840553388593805e-05,0.00013898957909648315,0.0001258308461736724,8.194348331187053e-05,8.195901343804964e-05,0.00013600463738337615,0.0001168265899822863,0.00016095831865366227,9.394693879983987e-05,0.00010302983888515618,9.169332727550431e-05,0.00012088606427632372,9.021449698904516e-05,9.142774894210221e-05,0.00010455355577896903,0.00012532817227701542,9.669591752956705e-05,0.00017382128391338345,8.632376031494287e-05,8.782532952546684e-05,7.17615008933085e-05,0.00014738401313664344,9.429095220445276e-05,6.154274082491666e-05,0.00017456265514715242,8.407156548188453e-05,0.00012263120698512424,0.00010577194207777301,0.0001265847831153919,0.00011238522142414302,0.00015243518553059281,0.0001612189447265549,0.00011866368959522542,0.00013384450339165964,0.00017038214498156761,0.00011513117187498987,8.912201213891648e-05,0.0001330752790884391,0.000100050001451241,0.00016345377657059638,9.207741986172076e-05,9.083029482171722e-05,7.773453313875196e-05,8.23791335715968e-05,8.620378263813135e-05,9.732440933941038e-05,0.00015433862135746332,0.0001444454004920585,0.00010497568668117448,7.043122511478484e-05,0.00016359739688197254,0.00014276997841985607,0.000167904812635907,9.131759077442146e-05,0.00013757488565010865,8.05750501542296e-05,9.84211471222553e-05,0.00013784623037101172,0.00013730417891001125,8.191772517243493e-05,6.621479733500461e-05,5.986247504900064e-05,9.139118095006894e-05,0.00011658803392521508,0.0,7.869249072156231e-05
69,0.00010990355058721825,6.11324052260605e-05,0.0001657092447900474,0.00014021336730009906,0.00012120589032991109,7.306115397407183e-05,0.00011701122132744892,0.0001873587604676381,0.00011117024585577311,9.1036078715316e-05,0.00011728189934991144,6.82559789755653e-05,6.465142597965091e-05,8.799094311119472e-05,7.858071073919521e-05,0.00014061858215489839,8.455173766422733e-05,9.503086376151011e-05,0.00017377132626536396,0.0001364963378701312,6.627433927340502e-05,0.00015241669538805579,7.318462594645725e-05,9.626856570772106e-05,0.00010562269367421139,0.00010427519595229264,6.17810904191669e-05,6.895596494166004e-05,0.000179573340698292,0.0001128104238279212,0.00010432124478426318,9.51675145654371e-05,0.0001793277904826607,0.0001386178736255488,0.00015094249434266405,0.00015896965869998417,0.00011967024174261751,8.200668782975152e-05,0.00011951785760639318,8.291653152147018e-05,9.295916782137223e-05,0.0001222651274318836,0.00011974845111742807,0.00011498905922432016,0.0001357575443122282,0.00013804607509401817,7.72949398817814e-05,7.087047220773363e-05,9.344680609726543e-05,0.00015453003973640947,7.30221386724704e-05,7.69547232129258e-05,9.465866605662802e-05,0.00013787886601791702,0.00011980734197773678,8.969710132012267e-05,0.00015136969519931098,0.00010402554352251475,9.21243525095605e-05,8.029439265740111e-05,0.00017459615484676272,0.00012522112042130705,0.0002557704103495841,0.00014529993360576528,7.399643671463829e-05,0.00016960907097523966,0.00010912073388166682,7.943594270269495e-05,0.00016521998385713653,0.0
