,0,1,2,3,4,5,6,7,8,9,10,11,12,13,14,15,16,17,18,19,20,21,22,23,24,25,26,27,28,29,30,31,32,33,34,35,36,37,38,39,40,41,42,43,44,45,46,47,48,49
0,0.0,0.0001651454789611672,9.872945294187018e-05,0.00014553255795609235,0.00012938353107709908,0.00012900486213353608,0.00015095251136712544,7.961884940069717e-05,0.0001037221267171925,0.00010117662956775169,6.88158704452061e-05,0.00012718778136952864,0.00012728338821173344,8.440104825916593e-05,9.342980746290161e-05,0.00010259177015130066,6.283802165062996e-05,9.362987977918916e-05,0.00011223871885344,0.00012177982378171614,0.00011192292495947608,0.00011485744366537226,0.00012322395699681127,0.00014056656375920206,6.840586625454742e-05,0.0001479913595966744,6.84541036359722e-05,0.0001854156013665857,0.00014143095979100615,0.0002046816328456656,0.00010581631108549735,0.00011719145137245772,0.00021026829898583986,0.00014090621208755517,0.00011643279008157903,9.508358643220652e-05,6.578159547775353e-05,0.0001567693013782967,0.00013455757635774811,0.00011845278809293325,8.347884464592695e-05,8.522335253300288e-05,0.00012982278325077007,0.000124214864981737,0.00020465964138084573,0.00020120677460600884,9.758007748184846e-05,0.0001305360144184061,0.00019917703079649156,0.00014350130948017308
1,0.00012643275341872134,0.0,0.0001531272442242362,0.00012530703645820555,9.20215492987624e-05,7.42723687879395e-05,0.0001349429275444965,0.00013818438801849712,9.32392870777908e-05,8.552163665947215e-05,9.137392409245428e-05,0.00017061642404791617,0.00012201474053639135,0.00020543201122227964,0.00011629130000378165,6.100297775764504e-05,6.0999881359414965e-05,9.291779959311567e-05,8.384555745599385e-05,0.00015581346866983293,8.666143723969325e-05,5.965180645968846e-05,0.00016761833060517967,6.77471406776816e-05,8.515178458879095e-05,6.461452873903739e-05,9.596716248923874e-05,0.00010096596537940275,0.00014848489926532575,0.00014120183211911787,8.892622571441308e-05,9.355162971826888e-05,0.00010884223568651883,7.315393728200766e-05,0.00010016345165519166,0.00011621307149625024,7.235480364340952e-05,9.288557210567688e-05,8.764099325498094e-05,0.00012769898974146365,6.300997559538029e-05,8.401435382296776e-05,0.00010976553811829599,0.00010997472636024867,0.00010592965525963439,6.276579898016317e-05,0.00010500366557921387,0.00011930004097354259,8.921272434425107e-05,6.89965520666253e-05
2,9.145357061017544e-05,0.00011592818407450666,0.0,0.00011473084911701739,7.431548868750506e-05,0.00012713398692444639,0.0001295259257319425,7.86313696794882e-05,9.85059628968421e-05,0.00011596232295879153,8.144547842218679e-05,0.00011509346696166624,9.965390831102701e-05,0.00012976348862529547,0.00011751943134618281,0.00013349121156965382,0.00011159627952651377,7.763205284891789e-05,0.00010910097318143841,0.00019916527167008745,0.00013987046643858302,0.00010401657016916483,0.0001247379263114534,6.959783805550205e-05,7.09957769191208e-05,8.571955868768446e-05,0.00013921091333006467,9.138827147606854e-05,0.00010561083108385253,7.767037179006489e-05,0.00011623963226591632,5.707578861390774e-05,0.00010828494830167901,0.00011091263919027152,6.815233749583652e-05,0.00010446368045651942,8.703415231998736e-05,0.00013476003232577546,0.00010711338443268384,8.839788993299774e-05,0.00010805853855116296,9.856505444824913e-05,0.00015167225358630142,0.00018071808199420828,6.443444391035777e-05,0.000153523882994674,0.0001823970889496547,0.00010254326694646959,0.00011424200805017341,8.153219161026038e-05
3,0.0001319499584288131,9.895586169204368e-05,0.00011197882929778998,0.0,8.710086654180023e-05,0.00012194852079210374,6.853765491253052e-05,0.00018060761329317574,0.00018053594749112018,8.664756104010497e-05,0.00013959980822948753,0.00020170757928098993,7.786962638992018e-05,8.665070959312247e-05,0.00010762807124827531,0.0001120910441852739,8.043619035604093e-05,6.032549824337294e-05,6.95899468416017e-05,6.66039354242912e-05,9.59131612325464e-05,0.0001374466632210689,0.000133835192788032,0.00014405669982763087,0.00010811766209977904,0.00016198266310909988,0.00010973340768196736,0.00011210595802752291,6.423412959768235e-05,7.970386771271591e-05,8.153127502997441e-05,7.763948105740564e-05,8.811080680383293e-05,0.00014005472771868408,0.0001267928936074851,7.591429004155705e-05,9.100120218869212e-05,7.982561574059156e-05,8.533125035467346e-05,0.00012188061937673296,7.643415045474146e-05,6.858868085484601e-05,0.00010790793280877759,0.00010066885773706068,0.00014757733324554328,0.0001356167978202297,0.0001416574567774428,0.0001266570519514264,0.0002097390128369979,0.00013936639549863518
4,0.00010439792146632316,8.684873369994819e-05,7.626283216442306e-05,0.00016412460406832,0.0,0.0001248473655742578,0.00011025150006698397,6.938386688580152e-05,8.464115919986585e-05,0.00012737938995701826,7.41521418414717e-05,0.0001208533450620567,0.00015329727486788937,6.070228314652446e-05,0.00016452906694557648,0.00014398787197919047,0.00012671423235953707,0.00012413849006063995,0.00013201934075224192,0.00011427194430091102,0.00011231538988185443,9.701321533150763e-05,0.00010185887689009351,0.00011791382443812632,0.00015867502136253237,0.00013383212282988368,6.6027817902562e-05,8.63359052579094e-05,0.00012380741765721022,0.00013644554642330692,8.71987872250488e-05,6.78905306648829e-05,0.0001394542629969855,0.00014190560597459627,0.00013114847809390652,8.820425542701866e-05,9.597069634730217e-05,7.869032510731029e-05,0.0001241598197307268,9.0055091471551e-05,0.00016421897803833502,6.55848594000292e-05,0.00015453937528210087,0.00019782026162493515,8.328173520624711e-05,9.62365598237211e-05,7.992329416472487e-05,9.312590233037195e-05,9.764881980427935e-05,0.00011102984421198603
5,0.00010619025185831574,0.00012372638644787836,0.00012873249353425697,0.00015871491824798718,9.873127413754697e-05,0.0,0.0001418356598848283,0.00012976867141968861,0.00013363025732851202,0.00016326640861397492,0.0001015837780085072,8.438649487911834e-05,0.0001345770377336202,0.0001003167859361089,6.709229890180202e-05,7.547566626094617e-05,0.00010484532290657927,5.505907977910329e-05,0.00013621929099796572,9.905587471795124e-05,0.00010794419053963477,7.252694628300866e-05,0.00011423857841578742,0.00011458375206991066,7.8996952655549e-05,0.00016100567503069018,0.00016249183074675254,0.00010733077619606733,0.00014252083226878876,0.00017807121787478196,8.295071415409469e-05,0.00013008183802975867,7.930323733705391e-05,0.00010040155040259566,0.00012656763000755048,0.0001264172243078442,0.00011093457847946594,0.00014143233953443278,8.854046242356072e-05,0.00013284492399037753,7.030172266359688e-05,0.00010711886381519564,0.0001184447952993485,0.000111657662227453,0.0001798582762558738,0.00011794806897979149,7.87851354479616e-05,0.00016724597287793655,0.0001522287613790852,0.0001411121625488208
6,0.00012071520906064819,0.00010979053231835718,8.093928240651112e-05,0.00011831272566777851,0.00017717705861967459,0.00010329789446107148,0.0,0.0001316690647343401,0.00013670411359214933,0.00019165967510050193,9.686195084148124e-05,0.00016205137458180416,0.00021308009373683062,0.00011159591849811801,0.00014198622906982022,8.629733378850473e-05,7.01691014647969e-05,0.00011775655042483695,0.00016931695171352784,9.145882113466319e-05,0.00010091053520605261,7.290356662205974e-05,8.75994570102304e-05,8.256572375937813e-05,0.00013835607763053074,0.00015164881424135126,0.00010676237309008054,7.492196629543608e-05,0.00010841609018807565,0.00010055887213104926,8.082830522539821e-05,0.00013875627024233795,0.00016307414925523055,6.934348617163513e-05,0.00016142144484051607,0.00011123090843092951,6.469608383801699e-05,0.00014881690821797247,9.825001692490716e-05,5.590143526925832e-05,5.974849209321358e-05,0.00013028071226987915,0.00015152863144813705,0.0001039385812552983,9.236076594318829e-05,0.00013778784622043221,9.879924570334936e-05,0.00014067810313542174,0.00015628491265198979,0.0001693691894812066
7,8.146430171813205e-05,0.00010662427527552557,0.00012516963076870794,8.86222437944786e-05,9.037955261264768e-05,0.00010552738411654129,7.943133891524261e-05,0.0,7.627246515769397e-05,0.00017020992953033082,0.00016938022673361957,0.00010639108532725702,0.0001606517572252768,5.6938841065007546e-05,9.56157626718457e-05,0.0001339788684239907,0.00011543741447414318,0.00014397489545944336,0.0001224941251735313,0.00016438232030951733,7.065290100845409e-05,0.00010838150829747833,0.00012082437217154511,7.938293918255057e-05,0.00013955129191393003,9.285406730726694e-05,0.00014065972676019639,9.458826161418539e-05,0.00010731026520007932,0.0001841018762781881,0.00014816382169828023,9.249813277687884e-05,0.0001571692633017095,7.160238658557304e-05,0.00013807483385917842,7.256773680852665e-05,0.00012532832124548783,0.0001384590022186699,0.00015537313596251974,0.00011678358966296214,0.00013828113258321556,0.00011266290866753825,0.0001343184554059891,0.00017015481068944743,0.00011931488053371585,8.884004675300573e-05,0.00013801474892286304,0.00014797338122808025,0.0001746302610769016,0.0001232561340979814
8,0.00010485943201279057,0.00012695446417879398,0.0001190485064093728,0.00010954443296896388,8.236474588861278e-05,9.033573538502698e-05,6.912856293364597e-05,0.00010193254213997904,0.0,0.00011180754682529371,9.757424605935075e-05,9.075311281977256e-05,0.00018709826875266234,0.0001313215434858152,0.00014179599925162584,0.0001586949546533957,5.9328670353523754e-05,0.0001107856316116166,0.00016693976350940407,5.664673927338359e-05,0.00011483536161223196,0.00010318740581301095,7.878822437253327e-05,0.00014111017652432452,0.00010696010071263335,0.00012707243951765197,0.0001460030417794444,0.00014671966763967804,0.0001530979732145769,0.00011442103030986655,6.903269230626681e-05,8.070031339234798e-05,0.0001555724350965023,8.373768149553111e-05,0.00010061232787980346,0.00010796000125612387,0.00010892697386101983,0.00018983695362386401,9.486798087157843e-05,6.544092440818445e-05,0.00015080686344806038,8.81445553483303e-05,0.00018674238723708593,0.00018358605073125406,9.61124537116881e-05,0.00013122965412634997,7.735795335530588e-05,7.735269046826943e-05,0.00013583154872209716,0.00014568092607548168
9,0.00010064582467880771,0.00018400282629640056,0.00012552044729692165,0.0001275402568526998,0.00010347733164186253,0.00011018096750046147,0.00016416579703152712,0.00010225840491894432,0.00012455107009140258,0.0,0.0001076301397628375,0.00011882118611398545,8.197896831422379e-05,0.00010602706721571216,0.00010235305576278842,0.00013778428130962884,6.88036978453721e-05,0.00011302305372425071,7.558024785840245e-05,0.00010338975621503613,6.95919333170014e-05,9.48008773339519e-05,0.00010993536345840027,8.901775966259958e-05,6.601142678526558e-05,0.0001872257899577226,9.184968608114895e-05,9.690877023840333e-05,0.00012268318694207508,9.524429505786064e-05,8.553898117260597e-05,0.00011053371423726774,0.00011252770796467118,0.00011030095956583933,0.00011673005591675989,8.227786654077577e-05,8.663349567017707e-05,0.00014191197604052912,7.14942753285882e-05,0.00010904784910946266,9.380688512086192e-05,0.00011098254479188443,0.0001122535070701638,0.00017295779337894607,0.00011825444626447578,0.0001006416217178696,0.0002144750104162037,0.00014963320883107177,0.0001583512870752411,0.0001573902223694075
10,0.00016436501485084864,7.418773191854799e-05,9.906166936343591e-05,9.526469643491268e-05,0.00013861662392745708,6.97920926160706e-05,0.00011477044700404672,0.00013186064467773137,0.00012834738569910748,7.058410993647491e-05,0.0,0.00011104010231651395,7.14045724885374e-05,0.00011572978964564789,0.0001324619220801506,0.00019723943623855343,5.621741710501258e-05,8.412489292177764e-05,0.00010117565649761902,8.125171360719559e-05,5.4984351460817414e-05,9.885953924302715e-05,8.045121683481928e-05,0.00010391290352649526,9.499122948379564e-05,0.00011767668443999005,0.0001217374288753992,0.00016036184522821278,0.00017396182418876634,0.00014902211111484295,9.055691296409521e-05,0.00011394261636347834,0.00010209325807684222,0.0001490520678620133,0.00018779100944091165,7.011405329962649e-05,8.823447515220588e-05,0.00014345121599500753,0.0001112418415233309,0.0001135222576928367,8.569054939917774e-05,9.229749462915734e-05,0.00014040000274735052,0.0001232278827340349,0.00012660264823431404,0.0001249287308990154,0.0001341906791254821,0.00013353595662299398,0.0001442978036244806,0.00014902249972439
11,0.0001400819443659166,9.419812262797857e-05,0.00010620915882173585,0.0001282904065998342,8.839083640130148e-05,0.00015819972136267292,9.398284715156729e-05,0.00010493611611142858,0.00014931692439121267,9.39528447501005e-05,0.00013012127869612713,0.0,9.281752699548668e-05,7.167602115951739e-05,0.0001296181759787209,8.707372508034226e-05,7.436001390914139e-05,5.835338832590336e-05,0.00010743872251424568,0.00011367057464315142,9.756051320314679e-05,6.987716921858162e-05,9.870573633629716e-05,0.00010445058942335747,0.00011408936696785363,0.00014943021237230592,0.00011788804428566595,0.00015176513073409303,0.00012801368159831838,0.00012494955843252284,8.189243330587224e-05,6.97849253684696e-05,0.00014044710695208177,0.00015792854528298583,0.0001003548323657275,0.00013307236762352583,8.503511809296462e-05,0.00011543003416626794,0.0001060797298578864,9.924450991396464e-05,8.176480744626476e-05,8.820163757494587e-05,0.00017970989784951483,0.00010215429226035659,0.00018680811812938199,0.00014658265300167517,8.818138884092387e-05,0.00010295195369519898,8.622743472190325e-05,0.00011280867494353518
12,6.192841078413027e-05,0.00012691986832281336,0.0001880706570450061,7.15563177026554e-05,9.101337578080655e-05,0.0001425596924239054,0.00013772100948169504,0.00010396242000128244,0.0001550032448518881,0.00010547600761074732,9.17433570832659e-05,0.00015297378382445504,0.0,8.791229396054785e-05,0.00010116134764235857,9.863341600916367e-05,0.00012020443308303604,0.00013311791215352015,8.159344634085564e-05,0.0002449604500930218,9.067533613511041e-05,0.00012501343038057885,0.00011991060958576516,6.600419210670918e-05,0.00014078499233409196,0.00019179701104330495,7.354724449482824e-05,9.77233173304619e-05,0.00013893709862893336,8.219553613785024e-05,0.00018660684834518804,0.00014550862241493283,0.00012426139424928482,0.0001311793211184382,0.00014112766049029693,0.00010056000313140773,7.875831300674702e-05,0.00014952773985485934,0.0001123216285732834,5.692209428194669e-05,9.893004924322766e-05,9.42225027820894e-05,0.00026533314540311617,0.00011132319108635894,0.0001371898417152461,8.290007678919517e-05,0.00010724077786660473,9.049713717214204e-05,9.602403489466547e-05,0.00012851532198957796
13,0.00011934018477089084,8.262835839803182e-05,0.00011500233360220034,0.00011912643518418296,0.00011667213583463129,7.727528987158115e-05,0.00013073092152669202,0.00010836224235686891,0.00013221759732164843,7.804713518973565e-05,0.0001345589990245854,5.9362137665025143e-05,0.0001455886425634961,0.0,0.00011113747940545781,0.00016842091411323152,9.595109784548654e-05,8.874515557653118e-05,7.972064687488042e-05,0.00010433974554775395,9.621364824404286e-05,5.213323964525291e-05,0.00011817802144652346,0.0001191220284869018,0.00015120169760034354,0.0001931451528979342,9.809525873074573e-05,0.00010891516678352948,9.106595774239742e-05,7.524685211760078e-05,8.057850704869374e-05,0.00010144464320438906,6.138553118220412e-05,7.900015237498349e-05,0.00014677371931226115,5.820687693091396e-05,7.121696246649802e-05,0.00010662799247780263,7.906955538425765e-05,7.713328717655164e-05,0.0001557052432566252,0.00015644705767081806,0.00016192500211149725,0.00010288114601577352,6.935977817669117e-05,0.00011047356043103414,9.004162429813511e-05,0.00016542084562988258,0.0001278838152881788,7.515208367748276e-05
14,6.740184530519524e-05,6.035078119026839e-05,8.45496356296325e-05,0.00011560257417797345,0.00010661265841724244,0.00010392449047165201,0.0002523462650678304,6.891459447858201e-05,0.00012106529627486469,0.00010898290016949894,9.525666457092026e-05,8.278214653890236e-05,0.0001206717298058816,8.232257357865177e-05,0.0,0.00013200555149826313,5.7200729298382604e-05,8.283778794619351e-05,8.185773593519778e-05,0.0001209667019076386,6.2748136677059e-05,9.597518688860906e-05,0.00010274899476340804,8.461994489908414e-05,6.370843631682319e-05,7.745873088819535e-05,7.709974959792742e-05,8.183068955698721e-05,0.0001139609688474472,0.00011391167045353945,0.00010471858758286046,0.0001048934947820555,0.00013901309134986266,7.746174253734884e-05,7.936771762902314e-05,0.00010903847787889797,0.00010215924713061295,0.00011217179557364647,0.00011774907430813083,8.818546892011324e-05,8.680010746982351e-05,0.00013558514844311015,0.00017162004835572325,0.00017883256757437156,8.6898738506337e-05,0.00014063355852777975,0.0001484299991171629,9.89552945548113e-05,0.00015629687204102996,0.00011199870527644896
15,0.00010397384087356268,0.000107560563827626,0.00012584560827740953,6.425760376373511e-05,0.00015059454149414842,0.00010206109267554959,0.00019712532259512797,0.00016982710727515108,9.882621240339894e-05,0.00024767716670766495,7.089779093402853e-05,0.0001334384626601958,0.00016376151252442221,7.921701801502602e-05,0.0001681965196578026,0.0,7.585318285993465e-05,0.00011716441044289097,0.00011267018791211098,0.00012805904906188983,7.223759133234402e-05,0.00012783990545106027,0.00013074838293205442,0.00010721564031374233,0.0001730683732168192,0.00011634624879794848,6.27999094219756e-05,7.027605640630579e-05,0.00014113285664477888,0.0001018645865890484,6.209969116321935e-05,8.212286064683692e-05,0.00017172875069571426,7.835061139644181e-05,0.0001048795728836629,0.00021510156125199278,0.0001238323809534167,0.00012447805293953947,0.00016090007685617787,0.00015782557600346669,0.00011246093138960149,6.118260106823068e-05,0.00011397365198240094,8.515163595124704e-05,9.291574159556549e-05,7.788838108574674e-05,7.265392706561917e-05,0.00011758491358957974,0.00011385577331373133,0.00014280275857853186
16,0.00011286004438279797,0.00015878354051105121,0.00012782826088913828,0.00012119035111296175,0.00010374363054009026,0.0001323892978190586,0.00010567501766909509,0.00020797046012193537,0.00017255922411542413,0.00010396898410016468,0.00012567750318581627,0.00011286597563477511,8.207995741292464e-05,9.91773319104407e-05,7.630407231528301e-05,6.49343249963423e-05,0.0,9.503647996174453e-05,9.297433361596825e-05,0.00012802334412967116,6.875376761164953e-05,0.0001357704642802321,0.00012898866020296006,9.249850522174188e-05,0.00016812813411785734,9.5348988057208e-05,0.00013092043545182865,8.272486445665137e-05,0.00015325696533563982,0.00011161288463711076,9.012633337229228e-05,0.00013203138630653096,9.829834096077357e-05,6.370027062199822e-05,0.00013373990683805096,0.00010492596831739049,7.140524800713199e-05,0.00012972205308679186,0.0001235131097220258,0.00011545759021087247,0.00012170470836637166,0.00011465232242928343,0.0001570452946301635,7.107411658254352e-05,8.047722148800998e-05,0.00012244178462392404,0.00010215628578140276,0.0001682445285387873,7.47778660764239e-05,9.092886090039699e-05
17,0.00011547113136897723,7.302017105411929e-05,0.000165916477962356,0.00013888964483954014,0.00010042428995379063,0.0001392798200587123,0.0001330955515372577,6.90464476509916e-05,9.361176946283017e-05,0.00013255566651049607,7.777234568237338e-05,0.00010133543519190515,0.00011876070653589665,6.045728298197629e-05,0.00014751954539667792,0.0001243448581819509,8.971152259948927e-05,0.0,0.00011103578795585505,9.722428577952993e-05,8.411607262412197e-05,0.00011983082673696527,0.00010083046719578458,0.00016073600458649492,8.735904467310118e-05,0.00010674397924104505,0.00012307209622598958,0.0001517005540695048,0.00014508476263338266,0.00012158604341089146,0.00012459483262047694,0.00010841344245402285,7.866170273069178e-05,7.609057069010266e-05,8.03307614955637e-05,8.707928579371919e-05,9.214329817769372e-05,0.00012279507684650226,0.0001474809042630893,7.783370280079483e-05,9.465832337078379e-05,0.0001424093783506201,0.00010178815175445499,0.00010666153303549744,7.079552173993206e-05,9.781000631559896e-05,8.833649446845396e-05,7.669349045830076e-05,0.0001571016127597044,0.0001238880786226837
18,0.00010031461181932218,6.837868101810518e-05,7.880629778616681e-05,0.00010621850446253004,0.0001476510788319978,6.83347927960686e-05,7.439888661907192e-05,7.437844093527234e-05,0.00010886046439280502,9.46582441402033e-05,6.133277892862673e-05,0.00017911410265980006,0.0001743116678478719,0.00010980189800073568,8.417801904778702e-05,0.0001293098065587044,9.002629162072547e-05,0.00010232225156857047,0.0,0.00011926418034467641,7.84021111465494e-05,0.0001207354602196335,0.00010157479315622676,0.00016293459186646428,8.973625032207527e-05,0.0001062152060277329,0.0001603585604428683,0.00018041172499176842,0.00015095970875094388,0.00010248349788668742,0.00012814603513006557,0.00013492788721904087,0.00014002622853755486,7.297955710567696e-05,0.00012809395193142482,8.604527598645914e-05,0.00012294449919154384,0.00010377955642679824,8.423965237694254e-05,8.170768821587362e-05,7.479602552430829e-05,6.491042533830283e-05,0.00014214505461111575,0.00011947961053179545,0.00013870673208896274,0.00013184122953263053,0.00010649703184862559,0.0001629757738058789,0.00012344139758572613,0.00010604271948434394
19,5.770519332396856e-05,6.428448599278118e-05,0.00022496149600968626,8.405152490811177e-05,0.00010217109466369486,7.234140638042866e-05,0.00011702202014440498,0.00013044952714993786,9.337587248784238e-05,6.570289662829631e-05,6.859247622272333e-05,0.00011211307198048181,0.00015646615819235097,9.64825881476538e-05,0.0001428240228661593,9.841186380041065e-05,0.00010020652711791012,0.00014420227443442493,0.0001840902043207209,0.0,0.00012086340032217669,0.00010183260572066042,9.853261544213679e-05,0.00010407636792741898,9.291390577452165e-05,0.00015020299227825994,6.8510654297898e-05,0.00015995067952575209,0.00017470232822197133,0.00013281006506816822,0.00011327426899126707,5.3515595891079554e-05,6.794878669956607e-05,8.086729833751353e-05,0.00010620601831359247,0.00011022924157818885,8.323794311732671e-05,0.00016354304649307037,0.00019158313592074064,0.00010214230867157272,8.61486888795014e-05,9.397435360305704e-05,0.00011637046763832722,0.00015213654234433438,9.283926984187025e-05,0.00013890269020153145,0.00013150993662292533,0.0001099241315480255,0.00017077669220107522,6.842239194361862e-05
20,8.68228057914751e-05,9.122802595667324e-05,0.00012047462179654052,0.00010969196449175653,0.0001634299703516264,6.83504146327236e-05,0.0001370380453639794,7.645622952105861e-05,0.00015473398881441053,8.327689907732785e-05,8.712844914580715e-05,0.000105816880669463,8.684018334372708e-05,0.0001008697973931402,0.00013429584735702568,7.20150504010114e-05,0.00011017976670708435,8.964710900996255e-05,0.00010586769607219586,6.450951348030598e-05,0.0,9.252358213889907e-05,9.379746295814473e-05,6.438751356417867e-05,0.00013379352378174278,0.0001405054622367711,8.583593584651199e-05,0.00010703817045711307,0.00018648545216905154,0.00012885719173656005,0.00011137382604794091,0.00010022565935158021,0.00011346655008125092,9.446975787645526e-05,9.349986192394044e-05,0.00011083180715914852,9.49230300527732e-05,0.00010293178725479452,0.00011820179065003537,5.1790060417006376e-05,5.480085980263806e-05,0.00010639549087843686,7.204244733411676e-05,0.00016629257537648838,0.00014605037852488892,0.00011545561549100586,8.39371628935331e-05,0.00011365122584512418,0.00017548686174028471,0.00010844848970953535
21,8.574190992421904e-05,9.858420367171612e-05,6.954455076589587e-05,7.335883653502113e-05,8.419026480542552e-05,9.52921400810079e-05,0.00015394886785780078,0.0001543325865013594,0.00010349889852503277,0.00014735891235749662,8.656290057905517e-05,0.00013602567802807594,0.00012245877079555261,0.00011616572957727824,0.00013261517875408046,0.0001345473992413635,8.058117856618198e-05,0.00011112211874359215,8.998529352073307e-05,0.00012295046505547515,0.00011901918151520093,0.0,8.292490939901087e-05,0.00013229497011481517,0.00014901949961780266,8.765361973966835e-05,0.000111551450477128,0.00019316489651160802,7.059570168214743e-05,0.00013319655607721623,9.469338072601575e-05,9.841962497391831e-05,0.00010949452289930471,7.730367430136759e-05,0.00013627402689292864,8.161494675551571e-05,9.26105588528378e-05,9.094462705465054e-05,0.0001573773111717132,7.542591631644198e-05,0.0001067560812918994,0.00011364039959198544,9.148559016302463e-05,0.00011562812820605154,9.715485739744316e-05,0.00011258912220514817,8.141376197618205e-05,0.00021554436032403658,0.00015345259669598304,0.0001071771035346624
22,0.0001007419758187044,7.827672556844043e-05,0.00010948384456009843,0.00013428599972917796,0.00013331661579493641,7.759487494947641e-05,0.00014654242826948674,0.00014673249340974948,9.334081754822959e-05,0.00010514232451031958,8.85934320095482e-05,9.604007201783716e-05,0.0001385814518693757,9.501292403332653e-05,6.536620010035638e-05,0.00010984561874793474,0.00011898506962241048,9.729585176582714e-05,0.00013919893995251057,6.431640912284372e-05,9.419990013692842e-05,6.0441670930903614e-05,0.0,6.401742790507722e-05,0.0001262380920631098,0.00016922456542291947,9.759762523901717e-05,0.00020379134875289518,0.00012992045127346096,7.35105959496311e-05,8.691007531387145e-05,9.781775950435717e-05,0.0001265416581948345,0.00010761755704309496,9.535079283157059e-05,0.00015383193741427958,9.961303118827825e-05,9.712820109757086e-05,0.00014154784126187253,6.390721844327684e-05,7.465559720681189e-05,9.23435282564475e-05,8.191974710181084e-05,0.00013941409972742727,0.0001699955462240037,7.589636579683363e-05,0.00012563218887034404,8.906179786789588e-05,0.0001022746974390179,0.00010340302734082059
23,0.00015820495293178093,9.847419866064282e-05,0.00018598978678851104,9.751212795101716e-05,9.761963840919397e-05,0.00012387904317767392,0.00011923872065852221,0.00016057822333106114,9.531278366395771e-05,0.00013186106752067212,0.00010448061986962625,0.00012275405946270547,0.00014013871613538574,0.00011705399304106753,7.176217409112424e-05,0.00017548194958455168,8.079995126934266e-05,5.766952946933456e-05,0.00010564920057993003,8.061397256102763e-05,0.00011536280466412497,7.433425496342602e-05,7.152760233338011e-05,0.0,7.825664176440028e-05,0.00015508561238374675,0.00014914978182072684,0.00015314124460717794,9.898626259466076e-05,0.0001834008668514956,5.948182798838857e-05,6.617841810884051e-05,0.00010519318466637545,7.541246422721337e-05,0.0001263544522784187,0.00016843200484694133,7.002437891991394e-05,0.000163225890538896,0.00010774941872637802,8.940173487441655e-05,9.793515882930013e-05,9.310288259681618e-05,0.00012679008792647247,0.00010467897758954739,0.0001693427443694647,9.962137475721152e-05,0.0001391597774443957,0.0002527203164575696,0.00013122073920436044,9.595347742963944e-05
24,8.850305448109226e-05,0.0001083426001014788,0.00010076930034473359,0.00013500265643656519,5.900469152872488e-05,8.889631604996953e-05,0.00011533729140162707,0.00019718773172701577,0.00011145115442155044,7.804627677428328e-05,7.668384383884302e-05,0.00012070581247860842,0.00012310584624594106,8.606044312517104e-05,0.00011900293550625579,8.841280804870158e-05,7.176387720866146e-05,6.417813967165688e-05,0.00016753762196581315,0.0001320357352314598,0.00013779963256434306,7.734525032239474e-05,0.00016514949719371983,9.592767407482813e-05,0.0,0.00011297418857342741,0.00011911876092572181,0.00012430334106230576,0.00011509040970962781,0.00014046555808284582,0.00012394035709040893,8.251135200513997e-05,9.505127139157841e-05,0.0001368336459920427,7.120222802805111e-05,0.00011415977072224739,0.00011180691323826139,0.00010336499194669093,0.00011887195637539462,6.406549170283687e-05,0.00014051346586832868,8.783479984209357e-05,7.259171110368816e-05,0.00017274275685295727,8.538784686906098e-05,8.775690913495228e-05,8.544261347685417e-05,0.00016660341433376262,0.00018579189794899403,9.200222945703464e-05
25,0.00011795242638749259,0.0001560327304020868,0.00018822788622753625,0.00012931242105870754,0.000141958123498636,0.00012632275495360674,9.441625809904684e-05,0.00012162192673020362,0.00015141568449524644,0.0001381164790997937,0.0001527531065263683,9.173870989022237e-05,0.00018850381657226369,8.33096931113004e-05,0.00015606626599497643,9.392443344759333e-05,0.0001394007004487743,5.2476346821715956e-05,0.00018001226881802563,7.937696798182648e-05,0.00018646801943681586,0.00010369111936757455,0.00010625756353113115,7.153697600944603e-05,0.00012987541999178,0.0,0.00011027341661824597,0.00017266942505218282,9.417202725369807e-05,0.00010901001807472865,0.00010133229139660622,6.67142337738791e-05,9.324272391553753e-05,8.015827853938387e-05,0.00012471718310816656,8.340053626222894e-05,0.00015153824542859468,0.00011360841250676242,9.837451515487625e-05,0.00013571844690999637,0.00016201645715416176,0.00011345422716132769,0.00012065808956337447,0.00012302938832391613,0.00010820188098384983,0.00012069481944665972,0.00016182206134721197,0.0001305424633793052,0.00011564372002714292,0.00016346276084933594
26,0.00010658285470273688,0.00012867463930683903,0.00012174332315986037,0.00013448799442836556,0.00011145475983503552,0.00011915993734737852,6.74161681247977e-05,9.259822464360443e-05,8.350050253308707e-05,0.00010295391808246781,0.0001284765933738842,8.621849030604232e-05,0.00012754205915184062,0.00010583268847395626,0.0001726016576714293,8.177840737236329e-05,9.706746486712434e-05,9.908919743474718e-05,7.475909889326239e-05,9.220296591101133e-05,8.305442434472428e-05,6.161744604142899e-05,7.738215910656721e-05,9.966559083706935e-05,9.380176501756899e-05,0.00012980851728404305,0.0,0.00018472832911227787,0.00011154313293616082,9.168666347489791e-05,0.00012213818322790585,0.0001103762646213206,9.071891682715984e-05,7.100546710147263e-05,8.898501438370323e-05,6.59852432332056e-05,8.796271852832196e-05,0.00013674731525921993,0.00014578072355963073,0.00015868815568570606,7.729609251375606e-05,8.962283080264347e-05,0.00011812592251863402,0.00014625810299133198,0.0001293820370670425,7.6719736060685e-05,0.00015674057421300773,0.00011438715823447404,0.0001418092985738928,7.589214243077553e-05
27,8.137185219383364e-05,0.00015165748032206213,0.0001547340015166793,0.00014899799355895123,0.00010974800394602704,0.0001211579539112529,0.00011384563205284747,7.942417327425301e-05,9.709116432189078e-05,0.00010222611848625628,7.990528030933549e-05,9.346245021737714e-05,0.00013566724760209222,9.785431722067853e-05,0.00014801508891649438,7.16930804293159e-05,8.252242717116138e-05,0.0002080447506089228,0.00014263281996396246,0.0002465699174430641,9.110261192678204e-05,8.82807754979481e-05,0.00010321370613495252,6.938507583865196e-05,7.565153520599295e-05,0.0001467760763624673,0.0001286589062733093,0.0,0.0001297505650473089,7.789632298162173e-05,8.974641916026413e-05,9.312016176634292e-05,0.0001445689856087784,0.00010479874234301206,0.00015657166358071752,0.00022818037816690583,9.36068910603382e-05,0.00011959909579572097,0.00015939837167071563,0.00011528281359999746,0.00012386042360520375,6.685846628248904e-05,0.00012528940445703075,9.842921910773512e-05,0.00013418118134345865,9.029257655394372e-05,0.00014583518911736508,0.00015408988210529044,0.00016772652832983795,0.00012693281542054728
28,0.0001506532832180224,0.00010203156421571382,0.00018037971709551628,0.00013139882427676015,8.956483278035378e-05,0.00011929015687480936,9.310626927293363e-05,0.00019115644181083913,0.0001044565056178862,0.00010158224950403883,6.2148442598043e-05,0.00016910821201727066,0.00013476057292908904,7.069187205585313e-05,8.949422370757424e-05,7.509967130286412e-05,0.00011047906190355681,0.00010430513325638637,0.00011464525753840042,9.834127326560879e-05,0.00011139080457174034,0.0001491238813258491,0.00010100456502767032,0.00017690435224158903,0.0001426524755888978,0.00010357755990653647,0.00013114454336115235,0.0001221400502125749,0.0,0.00010579956648003555,7.018909337374206e-05,0.00010949169288566761,9.741690546378898e-05,6.0071226957163954e-05,0.00011847649543949554,0.00012665848512739635,8.010345802345432e-05,0.0001196380310040957,8.382592400717151e-05,9.85548389405455e-05,9.811744969548893e-05,0.00013425444455003322,0.00013133624854737546,7.457734789802589e-05,0.00015514034038972428,9.8582164622287e-05,0.00012247370626566315,0.00010277229564299976,0.000176406279986678,0.00011088257707964824
29,0.00013563140131053078,0.00011325623220691059,9.655180980351978e-05,0.00011487838649364912,0.00014366360976068862,8.982499212248883e-05,6.959755714354269e-05,8.717370901084695e-05,7.86617488133378e-05,8.711011576371395e-05,8.600749590722414e-05,0.0001197346426571133,7.949025801883392e-05,6.811862004160054e-05,0.00011143055141318258,9.20611871268015e-05,7.258454041463896e-05,7.932642790982067e-05,9.196584308629247e-05,0.00014471432958816145,9.44026737482517e-05,0.00013132820658995017,9.945294269816426e-05,0.00012967207427717447,9.272746873830435e-05,0.00014494035560558204,0.00010084156522753296,0.00021213803267240767,0.00012326174003639032,0.0,0.00011287959102042127,0.00010354672094794151,9.389021594644447e-05,9.112280312160062e-05,0.00010828799419498556,7.472887924658013e-05,9.689352282466555e-05,0.00016949547157115317,0.00011654036721494169,9.832866637000134e-05,6.830398211142907e-05,8.567854965833054e-05,0.00012513282990400342,0.0001239655762004293,7.616134013099146e-05,0.00013705414085103202,0.00011128286839086567,0.0001363075611392724,0.0001609901382739065,0.00011398232417767577
30,0.00013248856546875133,0.0001118177210282277,7.510874515013318e-05,0.000118172006749258,6.185455840006789e-05,5.689347682643782e-05,9.756739033875639e-05,6.869905643381175e-05,8.721729070288196e-05,0.0001425538264014475,0.00011580568093255751,7.230679161184939e-05,0.000147464797442674,6.330204874575357e-05,0.00014221796658475832,0.00012853265167535823,5.9357470881917864e-05,0.00010497187757880446,0.0001690677217918692,0.00010108483731271512,0.00015431664601226377,7.723146949149214e-05,0.00011541268840671947,8.296562449008641e-05,6.127294392946755e-05,9.6425731664569e-05,0.000155058268650188,0.00017213821526082095,0.0001104648119510053,8.465064933492156e-05,0.0,0.00011568693302829924,0.0001274356344162699,0.00014784978862828152,0.00010408887527379077,0.00010231841659640901,0.00011731198675619978,0.000117446362752392,0.00010166663135110056,0.00011170810786261353,6.880853045190286e-05,5.8293139865295275e-05,0.00013758357615804888,0.00010405878776919624,8.208659441968101e-05,9.526059715586135e-05,0.0001080913798581402,8.699693948759595e-05,0.00012866982224608395,6.738942740928987e-05
31,0.0001601101329490302,0.00016322053471880366,5.918888995729612e-05,8.341576630186082e-05,7.205953514038286e-05,7.342837218653673e-05,0.00015492068938045568,0.00011184960461845625,8.926174610143467e-05,7.109811021517737e-05,9.937086475780722e-05,7.210319734739672e-05,0.00010673424707851445,6.532589868968519e-05,8.59153893113031e-05,6.553789916056972e-05,9.582559924048354e-05,7.918561105133964e-05,0.0001499528982479986,7.75177460870409e-05,6.058504782628706e-05,0.00020602356600464162,9.954650525957208e-05,7.815811516788748e-05,5.5521075833452506e-05,9.000376883885509e-05,0.00012259153295716215,0.00012706524014234385,5.8884034095232565e-05,9.219848507869435e-05,0.00011658951088770376,0.0,0.00010058971101654995,8.090361132835006e-05,0.00012656825043246074,9.32429677033311e-05,6.421139806505519e-05,0.00010554651102466862,9.24143598864261e-05,7.318218674868819e-05,9.200527193407606e-05,0.0001614414106677014,0.0001272125689102641,7.026643849669887e-05,0.00011894023035149172,8.226246368979373e-05,0.00016672307042895157,0.00011211143055584243,0.00010549365312794734,5.9885975344190267e-05
32,8.625987235439657e-05,0.00014989644015362316,0.00013192819536373248,9.490367525579197e-05,0.00011644134175345014,6.457291989289324e-05,0.00014880661675683774,8.647464643531587e-05,0.00010277992929581478,0.00016407509138567896,0.00013725135984401024,0.00014169177130423315,6.500719865975435e-05,8.668150783436551e-05,0.00019602561657022796,9.99453975262174e-05,0.00012574025925228424,0.00010001122185635162,0.00011762128296383402,8.123860452496477e-05,7.508989528636269e-05,0.00010860346526326887,0.00011753641589641043,0.00011615984476838889,0.00010581129949630197,7.425798242657697e-05,9.423949019043271e-05,0.000106182212584679,6.950343072463618e-05,0.00011353064281336946,9.291743617313829e-05,7.835937097235746e-05,0.0,0.00015088145438174806,0.00016048543319011386,9.799733638677072e-05,9.198199233743937e-05,0.00014986284541459107,0.0001771590829567666,0.00016206945961298944,0.0001026674202670105,9.016724034053081e-05,0.00012019356257451111,0.00013161438931599833,0.00012225111086116308,0.00021595824350349952,0.00012670723772499842,7.174878074765654e-05,0.00010199007351658109,9.054554500635116e-05
33,6.960542090022026e-05,0.00014628884937788663,0.00014084022711494706,8.573120788051812e-05,6.562460298467022e-05,0.00014450395248892292,0.00011664590866368487,9.76385020366969e-05,8.297014642331092e-05,7.682976384451244e-05,9.71559463996806e-05,0.00017158604517382385,0.00011567213399013745,9.556984363551323e-05,8.376995268038334e-05,0.00012788927978775385,9.214847499858387e-05,0.00011387281428597096,8.661973206292111e-05,6.399976882498021e-05,0.0001469900824055359,0.00011671867144146389,9.447337128910752e-05,0.00010886420251216048,9.600266852031816e-05,0.00013046048396557676,6.416234689576725e-05,0.00018322350346855804,0.00020994600089864688,0.00018379649047837166,0.00010041144406646344,0.00011919704576690294,0.00015084042063997257,0.0,7.76541280907152e-05,0.00010880525157023497,8.75425903603701e-05,0.00016677248717998985,8.806881730228813e-05,8.194724914650974e-05,0.00011813507621832074,0.00013352102429708672,0.00017005272311159026,6.83420034195923e-05,8.132332858063031e-05,0.00010271930645743975,0.00012001907240508203,0.00014427588371295508,8.236619781656172e-05,0.00010918489148817665
34,0.00012489790018606225,0.00010690079158082313,9.319578180910518e-05,9.967082660736635e-05,6.397417970592852e-05,7.679336572981786e-05,9.967131037076582e-05,8.39934984032501e-05,0.00015406889568341962,0.00012734987850419286,0.00011952884739006545,0.00012700174235057604,0.0001219038118941065,7.173971530202735e-05,0.00020191746925820702,9.738753942764598e-05,0.0001615792515048903,0.00011856223470144672,7.593474941212792e-05,0.00010019347802970498,0.00011853483997344016,8.141990153124641e-05,0.00013531451537425777,0.00014023464472366658,0.00010828419738693335,0.00010659534753283268,0.0001908554772430665,0.00018850179361616938,0.00013101509089868645,0.0001301406999223252,8.61393420083507e-05,9.974435736851953e-05,0.000178322461335695,0.00011999949407520058,0.0,0.00010593526779648224,8.130891456426862e-05,8.080553117724133e-05,0.00016467286274469118,0.00011578917250122081,6.989513049986805e-05,0.00012246883063371744,0.00024454781855291557,9.897603116197756e-05,0.00014706992413329137,0.00014328690012162045,0.00013451733143225752,0.000139126685601426,0.00016494677648525648,0.00011982106753015464
35,6.649436902995787e-05,6.811952604482188e-05,0.0001338687383702715,0.0001469364245487314,0.00010755214945242025,9.378012111465775e-05,0.00011049871567488825,8.210679267241007e-05,9.445764722015602e-05,0.00015673202135809444,8.30106543931052e-05,0.0001543331277528075,0.00010186652597143586,0.00015386807043462378,0.00011734843973550866,8.8432200062288e-05,6.45202339933687e-05,5.246322152757415e-05,0.00010355072003294131,7.111978142709822e-05,0.00010094478478459059,0.00011598943795262576,0.00012229567183419775,6.330105735758406e-05,0.000136047620817038,8.596403727336994e-05,9.777481908840655e-05,0.0001050631918804687,6.801266262738379e-05,0.0001306439726105671,0.0001396541910026812,9.011172958193852e-05,9.730526085099628e-05,0.00013754167585094664,8.390137305459005e-05,0.0,0.00010855818885727034,0.00010105345564312406,0.00010949325973648741,7.368037670240167e-05,9.928685209108894e-05,9.026189758922965e-05,8.946966129137017e-05,0.00013912441535282382,0.00012207202699195374,0.00011725747834824829,8.988416533544492e-05,0.0001240987267300809,0.00010684116379556561,7.840602540341947e-05
36,0.00010104171303348798,8.688369426331278e-05,8.159464505118616e-05,0.00014858318336934983,8.521920723496683e-05,7.725591805388121e-05,0.00011754240034258922,7.888184053536166e-05,8.659053052565589e-05,8.05958338976143e-05,7.494828651348235e-05,0.00010753275650624588,0.0001689744004102656,6.032512099837073e-05,7.45798741293691e-05,9.624567477125403e-05,8.889267746095386e-05,9.024352061587837e-05,0.00010647778115271595,6.27876260037836e-05,6.704200438114428e-05,9.654410012176568e-05,9.504972410048938e-05,9.032840194339237e-05,6.466985847970299e-05,0.00017136476581880984,0.00015063110719475243,0.00010915065677919526,0.0001470322163562413,9.720604868237541e-05,8.264374133700467e-05,7.641398671022527e-05,0.00011001633953289579,0.00015261575692803245,0.0001198587002350732,0.00010522657156923932,0.0,0.00014771442176598194,0.0001165896958435334,7.30706134327599e-05,6.975130364227764e-05,8.328174582256956e-05,0.00010212037790567139,0.00012345624914699056,8.935360308457457e-05,0.00014521857360153331,9.216678453741905e-05,0.00012692767824811814,0.00018500389908503918,0.00010038645717020108
37,0.00011053236105077026,0.00010358349129610483,0.00013153810368687706,7.173745943037762e-05,9.802036433424463e-05,8.172870662517859e-05,9.03135875718062e-05,0.0001609040810081258,0.0001716995856899095,8.94377972002143e-05,0.0001576472766928906,0.0001145494706394577,0.0001234677756488861,6.924071924613479e-05,0.0002160965170932526,0.00014464141653433967,9.903465533028572e-05,0.00013138660421131823,8.835436027716262e-05,9.370197691872382e-05,0.0001287268029990677,8.834721834024352e-05,7.990758576371748e-05,8.07921420977716e-05,7.964926017963697e-05,0.00019401937140808856,9.798527659855879e-05,0.00010836805688972174,0.0001399502166546726,0.00010309041991651109,9.28434055139383e-05,0.00014522790514639203,0.00012043829118127648,0.00013315498630691976,0.00010662155860519416,7.56602212035943e-05,0.0001283940840148949,0.0,0.00011994249465534504,9.094874703057229e-05,0.00012045684003282582,0.00015955563947425198,0.0001636228006643529,0.00018146388594321883,0.00014117603633812678,0.00011380227163557424,9.415110554372105e-05,8.972339309492256e-05,0.00012798346412536777,0.00010081928287984867
38,0.00017869630293251238,0.0001376816465697701,0.00016055438151562165,0.00015639395603231682,0.00011610550280705229,0.00010503369706421,0.00017992551468807942,9.044902780196845e-05,0.0001356822559335066,8.18946245597935e-05,0.00011639878180483352,6.732416200932816e-05,0.00010079432696233061,0.00010601768600378786,8.353982769825146e-05,0.0001002364452190659,5.862552826002584e-05,6.409523318283897e-05,0.00012558826738990003,0.0001500561198381594,6.048042729773223e-05,0.0001400279753768862,0.00013722970837662564,0.00014902433263229827,5.629226578198037e-05,0.0001900293880935387,8.030087235152119e-05,0.00011143311729089138,0.00010474446867301997,0.00013161532552444154,8.385366964871392e-05,6.749249204351228e-05,0.0001746462059465036,6.97545596784182e-05,0.00019134564906964557,7.927829200950029e-05,7.083890528032331e-05,0.00011791564437096915,0.0,6.301064867002897e-05,7.944969518703312e-05,7.90759001015682e-05,0.00010430916638952566,8.2096842217476e-05,0.00014036295996541138,0.00014403894543947498,0.00014140370295154096,0.00012110411339610883,0.00021176708974108573,8.179596204807751e-05
39,0.00011327494234121901,0.00011665987075117559,0.00010606555144180848,9.357798665485789e-05,0.00018310344774735417,0.0001449720912777107,9.523743479569482e-05,8.81778266978911e-05,9.496655639151618e-05,9.253099110026785e-05,8.145829638879903e-05,8.631113845242903e-05,0.00013868512700638644,0.00015326010897423223,0.0001469351817376945,9.199327332502444e-05,9.835360519837816e-05,7.532334275463426e-05,9.191931048072011e-05,0.00011067516063523376,0.0001378477429297692,0.00010074152455003456,0.00010311050433897838,8.203040902308875e-05,8.469370065511445e-05,0.00013030723246550707,0.0001077511458537177,0.00013643017545615562,0.00014771455011826178,8.943750112962474e-05,7.14097356069378e-05,8.67677516747405e-05,0.00016659833093176437,7.576425565380919e-05,0.00010652955879347187,0.00010340137664176543,0.00011858722210202166,8.568117721292029e-05,8.401389590071724e-05,0.0,6.552850384042554e-05,0.00013045524630399938,0.00013335171418185616,0.0001854234766194155,0.000129638112184523,0.00013716559129670986,6.765963615250007e-05,9.835593925793779e-05,9.14067674857368e-05,0.00011060035276702041
40,0.00012993196556197113,7.240159397164962e-05,7.139102755916337e-05,9.436359670213966e-05,9.15606066716681e-05,9.709888387581517e-05,0.0001232519898662392,0.00015182286644101838,0.00010156474599946909,0.0001675747301776985,0.00010673440077200717,0.00011493078367181607,0.00012968370981767812,8.190926604597958e-05,8.997688188623128e-05,8.865615006726333e-05,7.075744457945132e-05,7.427630800851322e-05,0.00010476754321675507,0.00011214213778146553,8.91383352314271e-05,5.858948881870233e-05,6.026039995189968e-05,7.641131116261424e-05,7.229243185300703e-05,0.00015145994377488447,7.403966734544854e-05,0.00011746157953458747,0.00014246570471645157,8.481654662330978e-05,5.8230916926737496e-05,0.00013102276597638996,0.00010546876639924928,5.92020533404724e-05,0.00012589807680961362,6.810697587832285e-05,8.353999972211685e-05,0.0001125077599974026,6.624977224710845e-05,8.333816793665287e-05,0.0,0.00011084088093668185,0.00010918120260750777,0.00016893546981208918,0.00013772636882478497,0.00011547759698969022,0.00012849560978844777,8.361819388830406e-05,0.00023628277425811,0.00012538717081124728
41,0.00014115256445150587,7.435835750364638e-05,0.00011461813852996587,0.00010260450578468602,0.00017190222924668924,0.0001296790624993345,8.781295394120915e-05,0.0001785483649226166,0.00011705860608192811,0.00011048589358771974,0.00011934263834246103,0.00012764023197460797,0.00013752091617457557,0.00010603254234054792,7.992780525718193e-05,8.951315074074607e-05,7.877804646126007e-05,0.00016148850686436067,9.756334228622539e-05,8.952377212407581e-05,9.000446075004974e-05,0.00010442976908081632,7.874911940923379e-05,8.843871636790291e-05,9.570239553642201e-05,0.00016297630875345334,7.1374100666399e-05,6.374859964010503e-05,7.593006471184565e-05,0.0002054497887796345,0.00015134402572333268,6.188650250658957e-05,9.899683808939846e-05,8.960467725224737e-05,0.0001052546159183937,6.72005360773341e-05,5.8456697291920667e-05,0.00010413407271067699,6.617285526640433e-05,0.00010653989147984649,0.00010265828808272973,0.0,0.00011555197888457892,9.291757633499684e-05,0.00010045035541505931,0.00015332045946347825,0.00011483013760944692,0.00014092435733181603,0.00014192346754870577,0.00015316395228735102
42,6.271163388504893e-05,8.99407746783722e-05,0.00010429523908109222,0.00013267334933544876,0.00011340428199716976,9.945631067237535e-05,0.00011937190136839906,0.00013268929541425238,0.00016278203887095806,8.675005882643569e-05,9.18476056633489e-05,0.00014188158845386632,8.39231913931539e-05,0.00010987210690327514,0.0001430589639512706,0.0001668319097229256,0.0001527123351422409,7.850324344135658e-05,9.869830649162746e-05,0.00012674696127542122,0.00014215905646802448,0.00015529742447752208,0.00010091979411280628,0.00010888847652419667,0.0001162379218035625,0.00012842106326930536,9.413494182785383e-05,0.00012687513591973744,0.00017060929175095624,8.709778518512247e-05,6.330474371587284e-05,0.00013651900439682566,0.00017453150509741258,7.157316988048063e-05,0.00011863400161182766,0.0001121003818758943,7.351188599401968e-05,0.0001469343334241931,0.00010057781914618988,9.421001947534844e-05,0.0001084111464515291,8.658705685411234e-05,0.0,0.0001310243232068395,8.496506812847515e-05,7.81768060340944e-05,0.0001065054081074938,0.00014680994067843952,0.0001240214644884197,6.48958050921598e-05
43,0.000104387003534464,0.00011320966657369318,8.259021248318181e-05,8.212953633034587e-05,0.00010203383257225988,8.999953215389574e-05,7.811881350799742e-05,7.860681330798708e-05,0.00010925783555761672,0.00012617806210013887,9.288885561912507e-05,0.00010214588291485884,9.667023576140441e-05,0.00023140800101774652,8.625419160424526e-05,7.219374259831204e-05,0.00012902750556675012,0.00010106008264512644,7.865246437259548e-05,0.00012294463422920767,9.583297939070368e-05,9.431630623549627e-05,0.0001033486705340709,8.234513728599281e-05,0.00016092250721944302,7.938846382569041e-05,0.00014680866444902424,8.507910900337343e-05,8.587796136782499e-05,0.00018190931768395283,7.254959895088975e-05,7.678283698724648e-05,0.00010119114171307585,8.971216227666012e-05,0.00016091830933145682,0.00025126379424109335,6.603123293038997e-05,0.00015295239289321257,0.00012756230292575502,0.0001683979438826461,6.530026574570687e-05,0.0001288666148479437,9.726939748697844e-05,0.0,0.00018207275054663382,7.617724875465517e-05,0.00012302639442114734,0.00010241999876680488,9.459291020535417e-05,0.0001657346374459207
44,0.00014400942321803146,0.00011015832093340816,0.00012459559622741105,0.0001075128987513015,0.000136013113134113,9.080055416298208e-05,7.523925113359878e-05,0.00011871033928532101,9.894499484575831e-05,9.738168804868021e-05,0.00015426677670165692,0.00017978420503281353,6.631461896731908e-05,6.628635862055458e-05,0.0001047910710323669,7.802059189270582e-05,0.00013725623844579635,9.170643616055081e-05,8.03707384533664e-05,0.00012957288324678273,7.003061797313194e-05,0.00010128254331962365,0.00012554198321837787,7.931683818661758e-05,0.00010186569808121756,0.00017007426873819463,0.00011275642471728989,0.0001359796965957572,0.00022179454315037682,8.784064066968343e-05,0.00011135031919537878,0.00010147910230042183,7.935886275929098e-05,0.00010488477496546479,6.312081519233953e-05,0.00011924446723295545,9.781079479902701e-05,0.00019636893492829124,8.038927131712051e-05,0.00010340272809922872,8.467871422498771e-05,6.210577623652647e-05,8.833884167514029e-05,0.00011062445650024496,0.0,0.00017510508847318106,0.0002109218540594435,0.00012688174149843283,0.00011647559014312435,0.00010322728931513609
45,0.00012483057059708096,0.00012039923075070984,9.58022248638702e-05,0.00011913412972188697,8.721498038235362e-05,0.00010166833086949585,7.706198501054257e-05,9.602350568164955e-05,8.612672178802913e-05,0.00012748658400218055,0.00017700318314008235,0.00010492066495142292,0.00015535793328095348,0.00021118750103021083,6.313798511805823e-05,8.901968311459554e-05,9.822262436040251e-05,7.367603618903517e-05,0.0001913768438364217,5.663384223870014e-05,0.0001379886255185914,0.00010959449493701781,0.00013837071082740938,5.618349485855992e-05,0.00011044126536609208,0.00015947464330284093,9.381022074232695e-05,9.278235695839292e-05,0.00010567585071832866,8.817704841610906e-05,8.959030887875026e-05,0.00012175518176756751,8.510062859439231e-05,6.806766638864958e-05,0.00012800328635050086,9.522767852423121e-05,5.709794776088621e-05,8.914023612367601e-05,9.032660935266367e-05,6.0638490450850815e-05,9.054066809132773e-05,9.091922103250557e-05,0.0001545794544496056,0.0001742332031214351,8.338750207591843e-05,0.0,0.00013269051425014665,9.908437777596654e-05,0.00017290980824755936,7.971544674374194e-05
46,0.0001404873284886942,9.919513997437325e-05,0.00017531409830442648,9.797710867229084e-05,0.00016712587163456046,9.366070263655416e-05,0.0001626474666767877,0.00019574789189871013,0.0001595722600099351,9.342440427619918e-05,0.00013280918810715277,0.0001012981398638063,0.00023342308023592616,0.00020221501313037,8.801850896155339e-05,6.902980090688013e-05,9.11622608678267e-05,9.286865190786572e-05,0.0001347154206165156,0.00011370467325630863,0.0001054244404249966,5.972434235402561e-05,8.285614628304502e-05,6.756469683684388e-05,7.455592197372143e-05,0.00014386351463097414,0.00014236821255994762,9.158854947299447e-05,0.00011908003125784655,0.00015230612482435384,9.381656770465471e-05,7.474880790055877e-05,0.00010332130439051596,6.686252425068979e-05,0.00010243263588048665,9.828533653830823e-05,0.0001634837596059381,0.00015192005834116363,0.00011935989279262273,8.919942296069327e-05,0.00013221815486276454,8.260697158193368e-05,0.00013877521366700913,0.00011417267622139498,0.00015019761350736947,0.00013279458757022773,0.0,0.00010645682785838946,0.0001118368518799149,9.227516883574022e-05
47,8.301959204643407e-05,0.00013914357215609328,0.00015101837092479728,9.887181176791215e-05,5.736122667413915e-05,8.944819041525685e-05,0.00012360504379068144,8.743014278220359e-05,0.00011884380457910011,0.0001617558549908236,0.0001154920941954014,6.774026279762113e-05,0.00010076677294623449,9.857848940234634e-05,8.291261460626761e-05,0.00012817276187935658,7.571242525174973e-05,9.884580571644473e-05,8.417065412851069e-05,7.202197070232411e-05,0.00011688454876827594,0.00013411953295945026,0.00010223556552112837,0.00014939413489930038,0.00011853074497675734,0.00013710757250489625,0.0001185994084427293,0.00024212279187862818,0.00014880869294202706,8.180275175783743e-05,0.0001218810353041656,9.827853899141428e-05,0.00010278199602520143,0.00016626716812109276,0.00014298978398369496,0.00013927967312627116,0.00011942108697774182,7.733271787630317e-05,0.00016948572809951515,0.00010254706922328226,9.514687893745914e-05,0.00011862509252406748,0.00017390302776152555,6.666473310851917e-05,0.00010036345783938717,0.00018870905024247314,8.260912766863926e-05,0.0,0.0001140745806869464,0.00013011507723058676
48,8.591507522241778e-05,7.381063970696427e-05,7.776533876753201e-05,0.00014013132825974598,0.00010596734536376039,0.00010150670156156073,0.00015512637923520485,8.227276731037567e-05,0.00016105453107012084,0.00012276696104811046,0.0001320918464443985,7.913575399465589e-05,0.00015620610094582718,0.00020142758818695136,0.0002002196950788475,0.00010169050745172204,9.469939466716526e-05,0.00010385973395044615,0.00011879797094337276,6.980758714842644e-05,0.00010734849113754149,0.0001183970717123986,0.00011813240998214747,5.574653550258926e-05,9.269676461529389e-05,0.00018217383763265022,9.912386999484095e-05,0.00020591941364026022,0.00013074979845335114,8.627879212906509e-05,0.00010092496578041591,7.219203461686667e-05,9.004010322349719e-05,9.35840781014547e-05,0.00014122700813300464,0.0001058249273277244,0.00012659882456957366,0.00019468153886335537,0.00013353346112779025,0.00015665578204259188,9.392319232187765e-05,0.00019140395933364972,0.00017082670269450714,0.00014540180787789303,9.127849201876337e-05,0.00018210209960414745,9.114205469455408e-05,0.0001254091487682191,0.0,7.654165212511947e-05
49,0.00015609563413629044,7.984748932609193e-05,0.00012954790784708235,0.00013379381126943973,0.00015282971810836238,8.573289688485543e-05,0.00015051821867785838,6.228385991651918e-05,0.00013009189946447115,9.827369133595868e-05,0.00013031646980510612,0.0001081224904734693,0.00012512963652243418,7.00355189520512e-05,7.665827561719738e-05,0.00010802083224258181,8.825799397527014e-05,6.00576588667697e-05,0.00010213769696769436,0.0001004584603844171,5.642578499740416e-05,5.538637677398681e-05,8.827091404927536e-05,7.11293737721245e-05,8.208695170829666e-05,8.11953528731775e-05,6.344990098057476e-05,9.641368573433687e-05,0.00018985538977432662,0.00010260563535701042,0.00014642678343475504,0.00014930424180462163,7.402417726701039e-05,0.00012509138759751788,8.938181136359082e-05,9.000305209551091e-05,8.022610080950429e-05,0.00011033800270991958,0.0001505629205782955,6.440131587279925e-05,6.062756156063858e-05,0.00018993536806902422,0.0001576727646992167,0.00014889755234155188,8.462010839382339e-05,9.967166442535374e-05,0.00015334840560936205,0.00019941665185259233,0.00014373596534416713,0.0
