,0,1,2,3,4,5,6,7,8,9,10,11,12,13,14,15,16,17,18,19,20,21,22,23,24,25,26,27,28,29,30,31,32,33,34,35,36,37,38,39,40,41,42,43,44,45,46,47,48,49,50,51,52,53,54,55,56,57,58,59
0,0.0,0.0001516516008745196,6.608753850943765e-05,9.552212218974407e-05,6.738179209215112e-05,0.00020027516011845073,9.299306175312334e-05,8.794107936142617e-05,0.00010314449181917199,6.943889764566596e-05,9.740094583658619e-05,0.00010479646821507301,9.507966905626371e-05,0.00011143247200808335,0.00016391949995497656,0.0001036666160320356,0.00013675971479717978,5.993312958732757e-05,7.001682726612533e-05,0.00010225062470503287,0.00016190384247830925,0.00012695276966345984,6.708523247274186e-05,7.846854344487656e-05,0.00011474943146278927,0.00010738781033284728,9.926521794193893e-05,0.00017260595454066785,8.763631335019341e-05,6.840476513630439e-05,7.505595142503007e-05,9.765451175864867e-05,6.860523348799905e-05,0.00010267793982528763,0.00010693549437295657,0.00013558459922554623,9.174165261542046e-05,0.00010939511977261143,0.00012729068202312738,6.830529367822989e-05,9.673151603683835e-05,7.245274514094079e-05,7.463916943674416e-05,0.0001515525971757151,0.00015330703363003651,0.00010139304533300533,0.00014786032071164958,0.00010772844790560479,8.43377041766927e-05,0.00010903765780012528,9.869354181266351e-05,0.00012958816762261157,7.066879275919262e-05,8.544752975763673e-05,0.00013402009426729917,9.874595131322423e-05,7.062779792460633e-05,0.00010880814306969721,7.692608926289777e-05,8.141193806611961e-05
1,0.0001081620515898582,0.0,7.830401489946629e-05,0.0001654975551163963,0.0001699996582676477,9.848940886928611e-05,9.987605302994619e-05,0.0001661834506913647,9.591637556938682e-05,0.00021104303789542666,8.074592161136176e-05,0.00010399675716786446,0.00013340729452657353,9.742158110839395e-05,0.00015385689246354646,7.113230065484771e-05,7.627000022794638e-05,5.4816799764656524e-05,0.00011503224432109411,0.00015291129821378698,9.343635310297843e-05,0.00016617211198284828,0.00014353809116849752,0.00013044742290214598,9.856645474793662e-05,0.00012607826896269658,0.00016610781214389941,0.00019492057667909509,0.0001449606275200233,0.00011695697923078454,7.863699165960877e-05,9.022110577896949e-05,0.00011227816201841003,0.00014019261661964657,8.63447524931754e-05,0.00010471415591819664,8.50998133623292e-05,0.00019126835917030474,0.0001133034204889637,9.075100875608311e-05,6.701928959536801e-05,0.00010417968059060455,0.00017997433526354575,0.00012299049560093075,9.22123703493504e-05,0.0001359667753508778,0.000154081267900037,0.0001752131547523128,9.886168786230545e-05,8.63963510045301e-05,0.0001458406166984122,8.577176720490974e-05,0.00012341217600991933,0.00011573559015011076,0.00017675943266531516,9.896810400960458e-05,0.00012773958617447715,0.00010122772004793821,9.172093160895339e-05,8.752843536977981e-05
2,7.768284970440852e-05,0.00013600389781297714,0.0,9.084159337329423e-05,8.920332100677239e-05,0.00010610688880703874,8.933163162062383e-05,0.00012392953169925025,0.000172989701243913,0.00011718569052475386,0.00012128392320790355,0.00015497787737237055,8.611494532050961e-05,0.00016546696941489782,0.00012514082444584757,9.472380577154472e-05,0.00013186289337829065,8.140165891879793e-05,8.000956465868197e-05,9.344262893436717e-05,0.00018579068425821928,0.00012926711295136367,7.895152995753517e-05,8.476086050452474e-05,0.00011303652827432528,0.00010200538196799734,9.965333496867539e-05,0.00012409239074655327,0.00016095026549817868,5.635165863090142e-05,0.00013803771141981854,7.985483150027086e-05,7.070500445181603e-05,8.529690426246838e-05,0.00010296076556376413,0.00012265351369815825,0.00010810395003708855,0.00010095621232106402,0.00011070895357898084,7.466154527527145e-05,0.00011200114286301806,9.607987591792729e-05,0.0001139319874260402,0.0001045267338391381,0.00014105661645065864,0.00014339052908719636,8.778370831399448e-05,0.00016661051326233685,8.875978693031533e-05,6.629409349907025e-05,8.497238096032446e-05,0.00010576220600543967,9.231335054722866e-05,0.00015987539419136436,0.00012753500534509767,8.398377801445943e-05,8.467335041803352e-05,0.00010908545277841202,8.190245282752824e-05,5.6311916285151245e-05
3,0.00011085698637726342,0.0001184892138648862,0.00012459004089676514,0.0,0.00015697508245469225,0.00013126441424051106,0.00017133586890282263,8.929072954302597e-05,8.383607747166423e-05,0.0001287074487395394,7.081526241632502e-05,0.00012007875403891141,0.00010220505974381706,7.1406373268416e-05,6.866336112151315e-05,0.00014213753860931426,7.234441856717401e-05,7.975187136201343e-05,0.00020095484589924726,0.00010012510484931023,0.00013716858040017832,9.617238628756973e-05,9.677846774316407e-05,9.853501349466173e-05,0.00010685870772601107,9.866177300156584e-05,8.579920025674032e-05,0.00017596062825335525,0.00014528057374959373,0.00014756688250229438,0.00010235274811007015,9.087494746278719e-05,5.8771266038071466e-05,0.00011148020440272978,0.00012225925837658927,0.0001104650923034262,0.00013098975940770946,0.00017699491473078917,8.25809857443967e-05,0.00013586295130863204,8.272504158712936e-05,6.117316561029142e-05,0.00013038367529902113,0.00010046795770156744,0.0001263019310321,0.00014210277293229335,9.957141393010581e-05,7.25964174714197e-05,0.00013910030498940485,0.00010600296122183063,0.00010895216853983745,0.00010790823579508105,0.00018088332612000427,9.632609721690941e-05,0.00010557977879591196,9.662997232141514e-05,0.00012594302782673497,9.704911980405246e-05,0.00012537803649329866,7.306799117781525e-05
4,6.649808068759021e-05,0.00012648466056143382,0.00010195441292103167,0.00013139524738672525,0.0,6.759849404454647e-05,0.0001291092361831956,0.00013220439622075396,5.862895003158201e-05,0.00012964812945990648,8.038551241911252e-05,8.478613946771884e-05,7.745808681391142e-05,9.065414272841974e-05,0.00012213245825030622,7.020965753120737e-05,0.00016370716315646373,9.323192769194315e-05,0.00010938609818308568,0.00013547221458862598,0.00014817895908752763,7.061445272176186e-05,7.808885717295608e-05,0.00013834982709756759,0.00011081579694091168,9.827472491537691e-05,0.0001341612089668359,9.850929294764646e-05,0.0001492147259770061,0.00011031478392438988,5.8337639930796295e-05,7.712955870706336e-05,9.476702613552838e-05,7.373708975458593e-05,8.028374678812853e-05,6.053061624433575e-05,0.00018169995725480552,0.00010797628813857857,9.462715156398962e-05,7.71605416434672e-05,5.915964495309619e-05,0.00012456875864919978,5.721931633417431e-05,5.786185619033102e-05,7.086768973041984e-05,0.0002500400682822447,0.0002150897263331394,0.00015796561241687392,0.00017047693037748713,9.57411312741317e-05,0.00011437126098631358,0.00016709330276398675,8.564347155606617e-05,0.00011829130976266087,0.00018741281996379822,8.657839878738508e-05,6.532789172298805e-05,8.590249731237243e-05,8.380526051125779e-05,0.00011445438913573302
5,0.00012812572173391348,6.904095564635836e-05,0.00010021747515886053,0.00010258486218914143,0.00011689831588061049,0.0,0.0001659613266214614,0.0001128612124670243,0.00012432304882648243,0.00010142376021583612,8.291794323290332e-05,7.202164800503492e-05,0.00013471009732319558,0.00011809542951605705,0.0002048261771767721,0.00010871370080226701,6.749057345706534e-05,6.018714108605014e-05,0.0001628952087660459,8.940927013858855e-05,0.0001648171211377413,0.00010221285320687896,0.00017674384531818688,0.00012801838777884192,8.568867954129229e-05,7.821388628644277e-05,0.00010946852572227423,0.00016062455106435444,0.000107995605317122,6.960705932572356e-05,9.443185711804954e-05,5.5742981375476335e-05,0.00013190129615921862,0.00015615968356928026,7.699360941528863e-05,0.00013808299220346212,0.00013257409007531596,0.0001006278651875536,0.0001223389387275477,0.0001356528586325499,0.00011173031238490434,9.536808298842597e-05,0.00012982732801158407,0.00012789359104709908,0.00011699560839056811,0.00013514492400186387,0.000126197953597745,0.00011354159592431921,9.356135050228236e-05,0.00017539070151858756,0.00014432653911068411,6.471610317100215e-05,0.00011609636403724088,0.00010787705057091444,7.065469073786898e-05,8.072422045247964e-05,9.825667826139486e-05,8.75245868175436e-05,0.00015182493950041323,0.00013871829066825219
6,0.00014394918125359567,0.00011613253596428308,0.00011702025345848798,0.00011988964954904726,0.00011793224784244746,9.529883659126012e-05,0.0,0.00013524371393456588,0.00011027678541447341,8.133957011243178e-05,6.62828031303956e-05,6.189068277996326e-05,0.00012699619226471046,0.00010213974426569018,0.00013552203933354945,9.695694160355007e-05,9.013237108861146e-05,7.064769787068214e-05,0.00010623236593474401,0.00018223412939138186,0.00010473473799217912,0.00012082400517506823,0.0001500294187376619,0.00011097230776253237,7.278332747341531e-05,8.062284171426169e-05,0.00013886668866708006,0.00013078595929323414,0.00012209905788126136,9.996388860210107e-05,8.996308045777481e-05,6.535345950620382e-05,6.0810598062977575e-05,8.587993323376435e-05,0.00014414424429965328,0.00019611305089046988,0.0001135365441686714,7.471371575464623e-05,0.00014175944359956846,6.703886910390191e-05,7.928398353718432e-05,0.00010137563740444602,9.42954803336722e-05,0.00017444507901530964,0.0001444568230914437,7.821328612894347e-05,0.0001388449936088207,7.217067103017424e-05,6.705803077875144e-05,6.182450534390783e-05,0.00012883603886275257,0.0001373008535800959,0.00016344279465581595,0.0001234578809973781,0.00013932431760504176,0.00010417829574779042,9.062729793895724e-05,9.687342490897783e-05,0.00014512457540487297,0.00014234820447905057
7,0.00010059209800760416,7.073086482203569e-05,0.0001552101733992614,0.00012111102925934302,6.576865720622377e-05,8.976980241815266e-05,0.00016847722642327994,0.0,9.963989482612447e-05,8.771424405188532e-05,0.00010344954616032524,8.045192872653439e-05,7.316221547000837e-05,0.00012907455703858487,8.251335578667044e-05,0.0001343838362228404,0.0001407190253306161,0.0001261736221090846,0.00013359936146349662,0.00011956287064823176,0.00014494627099866317,9.643466951160614e-05,0.00018932555470043536,6.716279584011827e-05,9.77270414292083e-05,6.520718439013958e-05,0.00016591972657420203,7.271228498701048e-05,0.0001751751663866943,9.564245756162312e-05,0.00011601545313543492,7.446941677688493e-05,0.0001180731472765145,0.0001065074492725628,0.00017617239223177456,9.120083268727798e-05,8.227057739386302e-05,0.00011694864916307965,8.942013544925803e-05,0.00013189898601773754,7.037612707288983e-05,9.070875364004424e-05,8.95515111566361e-05,6.591107856847796e-05,9.144350208456668e-05,6.330159782667157e-05,0.00020064386269218247,0.0001231508572453987,0.00013255134368903373,9.611017059076828e-05,0.00012242505516487411,9.367662109903957e-05,0.00010432892421979477,9.71452459920494e-05,0.00010484898718930428,6.549469636443037e-05,9.405129441325965e-05,7.298710689169542e-05,0.00011287951771179505,6.659280230000752e-05
8,9.593236131976769e-05,9.731824873910611e-05,0.00011551373962499137,0.00013679263106089758,0.00012713306708000293,8.225923753343417e-05,8.05357513991337e-05,8.649175570250006e-05,0.0,0.0001462386256611574,8.52195887696415e-05,9.390357601182107e-05,9.948870045261631e-05,0.00012744171354603712,6.91023957056478e-05,8.182322750737585e-05,0.0001355580951798399,5.808389639469679e-05,0.00011867038338698873,9.848222262941657e-05,0.00015077842881311808,0.00013080996756688343,8.248323615524323e-05,8.58520478894013e-05,9.252149898902523e-05,0.00012753877382622465,0.00010100006800166172,0.00010907780122575596,0.00013542642291110733,8.850679156474e-05,6.651307150734242e-05,6.0345012794621915e-05,6.634027185456316e-05,6.734490656744457e-05,0.00011539067048417112,0.00015120077359636708,7.266967131596245e-05,7.97095287167097e-05,0.00011183049060694085,8.425310852949684e-05,0.00010927259421663231,0.00011487676481124408,0.00012731619636908317,0.00010414640678036016,0.00015592682888360384,0.00011029110130844308,0.00011994849506623327,7.517073492847062e-05,0.00010127905220148798,0.00014056615340565597,0.00010726263555470865,8.958228240874383e-05,0.00012967458368229602,0.00013167252542751283,0.0001145809308214638,0.00010466307506619439,7.932149766238067e-05,8.374393489079083e-05,0.00013244461980534963,0.00010108688077658834
9,0.00010165720309078352,0.00014450512686997783,6.617359864578411e-05,0.00014046733730243904,9.630733313116768e-05,0.0001441892258116944,9.528172059521869e-05,8.087379230997774e-05,8.225717335477277e-05,0.0,6.816061426961881e-05,0.00014599192395723095,6.71507089895589e-05,0.00013703133388729945,0.00011584876795308862,0.00011195544075612448,9.950888050145993e-05,6.359107629158742e-05,0.00012776674436936267,6.854284829384959e-05,7.324172405670043e-05,8.849830755202816e-05,0.00011776132279466524,6.048792308941524e-05,0.00015908300373408294,6.602725977147199e-05,0.00013541499246196847,0.00010856438849507935,0.00015645087149186634,6.692037356541508e-05,0.00011492749853368981,7.508466001013e-05,7.89681971130675e-05,0.00010990057808865156,0.00012242296086136767,0.00016047324013924462,0.00013959667041574557,7.418284348197683e-05,8.358428172509242e-05,9.708013989581353e-05,7.536840689154541e-05,6.885138636429223e-05,6.866183861201646e-05,9.291579086364393e-05,0.00012224182533125184,0.00011173811782940676,9.764086222196182e-05,0.00010179202376367419,0.00012590653714014956,0.00015033893941680018,0.00011638786742349858,0.0001551859868110935,8.265545877034656e-05,0.00014301730053906507,0.00010151558969606701,9.855710273884071e-05,0.00013115377525744684,9.514673183271306e-05,0.00011659749817771063,9.65349435982293e-05
10,7.369011894098789e-05,0.0001430421717340941,0.000123983050345106,9.712432987493085e-05,7.117004145961085e-05,6.367411295045613e-05,8.519457762162884e-05,8.240298613600336e-05,9.402893809502461e-05,0.00014353151265665188,0.0,0.00012634936359824035,6.316287533419963e-05,0.00015632885401460617,0.00014392470435495256,0.00013641283130369573,0.00012183546994421477,6.200932468547749e-05,0.00012631020729977552,0.0001085376802493357,0.0001417149094681669,0.00010994629844545483,0.00013543784259981002,0.00012094181152351955,0.00012100725179326251,0.0001362600991923995,7.581773347211434e-05,0.00011919635828425119,7.526392003461064e-05,8.316960076192442e-05,9.946274717249522e-05,8.516286869972622e-05,0.00011366102223855743,6.28707205545713e-05,0.00010610956838025714,0.0001220287951080499,0.00011174350625672874,9.647455119781378e-05,0.000134741823520918,9.107035224192898e-05,7.668997251278692e-05,0.00010621680609976815,0.00011276480587110033,6.987966307373088e-05,0.00011215012094337557,8.22489192786587e-05,0.0001146221550838155,7.117488558211948e-05,0.00014754022155234465,0.00013299948142445037,7.366013284099397e-05,0.00013106917009296262,0.00011610242725146314,0.0001117964455086085,0.00011895948259564999,6.786621154595739e-05,0.00014289628402320775,0.0001124881215783839,0.00016876382298692085,0.00010301652844249365
11,7.817591325886646e-05,8.34075596998892e-05,0.0001253919745340208,0.00013175469721808336,9.697153299765567e-05,0.00014076664289381434,0.00011476818709592572,0.00010806870032371266,0.00013786571401555952,0.00013169936822927329,0.00010712559689433935,0.0,0.0001363488270502387,9.761252454434723e-05,0.00010157518658488683,8.958830757524287e-05,0.0001388314320917356,6.942613348945383e-05,0.00011377631911037489,0.0001499817207276654,0.000157356191835788,0.0001637613534341852,8.015116575807755e-05,8.480448683353882e-05,0.00011193904009227169,0.00011506371168179452,7.935130729256839e-05,9.009973921180062e-05,9.179881477831252e-05,7.411249361040536e-05,9.521546541369809e-05,9.254415541534018e-05,8.65248161838453e-05,0.00013677641733541757,0.00013609445384450125,0.000117079162034071,0.0001343197645506321,0.0001515810653807865,0.00011870615208074475,0.00010127130237504482,6.961641161308703e-05,6.092506179459444e-05,0.0001664534013366284,0.00011198432721265904,0.00017044256992123508,0.00010485827443981757,0.00014658323507239662,6.715481139963921e-05,0.00015954204055089094,0.00017882774617622517,0.0001158060675622699,8.691079481551483e-05,0.0001072717472463023,7.597010727945911e-05,0.00010017544683141887,0.00012811927759171797,7.006487597589584e-05,9.350595503948575e-05,0.00010354616563616996,0.00010285874379008353
12,9.232548224571078e-05,0.00012004573534681498,6.373950589157835e-05,7.442492783479817e-05,8.468119303450322e-05,0.00011539658975000593,0.00011038071945186792,0.00010777558296506448,6.448216468319927e-05,0.00019315276091688715,0.00010132691085206989,9.177796157746374e-05,0.0,0.0001219553073876349,7.167158397478725e-05,0.00010651176598818518,0.0001098855896069043,6.903339113230035e-05,0.00011521467539343202,9.623508441621057e-05,8.152624471527985e-05,0.00013690540111698603,0.00013611830476630872,0.00011239966206782616,0.0001369472052425009,9.157211327217294e-05,0.00011267719500400084,0.00014385335282653938,0.00014497299066999346,0.00014042598983091096,9.289838976080081e-05,0.00016361076799205915,6.427451058148765e-05,0.00013163671435376456,0.00016843638452159693,0.00012377932889018648,0.00011836741151116263,0.00017710516132018623,0.00010484279392758586,9.838781355541105e-05,8.427318583823411e-05,9.826731160717986e-05,0.00019149746429426528,0.00011445643877758384,0.00013556247988289047,0.00012798656723266792,0.00017231819394126146,0.00012154220896182469,8.4867995443881e-05,7.594981002603763e-05,0.00015340713697444732,6.628525849273238e-05,7.664312377163489e-05,0.00016405386721683664,0.00011862466473461415,0.00015575404409641955,0.00010312022287251469,0.00010243361581092986,0.0001314672322655499,6.590720544236923e-05
13,7.336466160630677e-05,7.879011612962985e-05,8.876940362743985e-05,0.00010545344784736025,9.325236081486087e-05,0.0001209258110624057,8.384034375304729e-05,7.084992682698491e-05,0.00011013785884945283,9.788675893159749e-05,0.0001549625459482575,0.00016880950869485088,0.0001061466307930337,0.0,0.00011965135040476049,9.981646441230571e-05,0.00012170647694803531,6.233540291388718e-05,0.0001346819518294784,0.00021466988373944625,9.97383126362235e-05,0.0001425282223930403,0.00014111497855825428,0.00011838425623192085,0.0001625632718412895,0.00012863432900144203,6.94051211564024e-05,0.0001204147074543133,0.00016800433944176747,0.0001044471800961916,0.00013650402302624998,5.832450731055809e-05,0.00015020974547814257,0.0001459652025775901,0.00021065630120022742,0.00013497624501828596,0.0001496065182809951,0.00015673256446135413,8.825324501746893e-05,0.00012055176558462546,7.621302678523882e-05,0.00010515997754058881,0.00020710782627990465,8.990666392248436e-05,0.00024238519476345885,9.954754491821072e-05,0.0001035150807742331,0.0001467297845491826,8.630931817583513e-05,0.00016178250846455138,0.00015718429841673527,0.00012518819519501616,7.63584301608189e-05,0.00013441074695767067,0.00013533877569360411,0.0001549987699577382,6.809591788720112e-05,7.995711221416891e-05,0.00012491594176762498,0.00010167922692260175
14,0.00010676014282289976,7.706094277564139e-05,0.00012975146178092415,0.00011493781278467112,9.896548797959443e-05,0.0001169086506472552,0.0001621866787854566,0.00012930511354284122,0.00010929407741646739,0.00013616199836798216,0.00010637287550912007,0.00012975738080286985,0.00011665117782542415,0.00015676164570165892,0.0,0.00010543182138630562,8.801446518041658e-05,0.00012159809718933234,0.00018186835504144778,0.00012198461601004899,0.00015603347345635203,0.00014389480201537928,0.000122864125170031,0.00011596503361262441,0.00013805174935092255,9.489889031274307e-05,0.00015004190488494192,9.886255018826988e-05,0.0001255540044119867,9.952367032255975e-05,9.965918310961302e-05,8.986433923438777e-05,7.059178826555671e-05,0.0001219785717670738,8.264398220424447e-05,9.117123401872014e-05,0.00012599532375353042,8.858375215467238e-05,7.451918062388303e-05,7.403119862895531e-05,0.00013053673755953818,8.433540577520972e-05,9.904014117919267e-05,0.0001011854434659078,0.00016405000235825197,7.442301151263153e-05,0.00016685314222035624,0.00013672593145978577,9.735959519712996e-05,0.00015386333423832995,0.00017009551382117323,0.00011496270174069004,0.00012621569700310112,8.902244095254369e-05,0.00013400606651991362,9.978656062119917e-05,0.00010277418673887611,0.00012383922145033118,0.00016580982126579528,9.9487908884861e-05
15,6.332928217437973e-05,0.0001098631424725771,9.950398549194002e-05,0.0001272940968888896,0.00011109269691939581,7.28587421156213e-05,0.0001199748308615543,8.645659346046053e-05,6.319211816303918e-05,0.00020053496016598195,0.0001019836759692319,6.976327307104177e-05,0.00012301878993830253,9.711984018935056e-05,9.106085596977995e-05,0.0,9.579150422314031e-05,8.182262557824168e-05,7.268745740591012e-05,7.677934587698312e-05,8.969601556829938e-05,9.356877174215047e-05,8.776069879021338e-05,0.0001298111172987341,0.00015733850280359453,0.00010608613299425697,9.301188790494253e-05,0.00012035548333569667,9.135161399747553e-05,6.639992700840684e-05,0.00011730201044813415,9.02165517709638e-05,0.0001216284022721993,8.150809797437482e-05,0.00010524770289971218,9.296360399793775e-05,0.00012294004715378395,6.89478242826134e-05,0.0001005871826955451,0.00019976120479694127,7.559724416801757e-05,0.0001190166442664717,0.00010925214009025063,0.00013440840859579381,7.234462228697036e-05,0.00016697751257360935,0.0001339798287852991,0.00012196178982887007,9.019956895773732e-05,0.00013814099184667974,0.00015562285493110208,7.224338926006112e-05,0.00011055216697909545,0.00011071132408655371,7.434064928341807e-05,7.23204052203127e-05,0.0001229976948858254,9.406379634361677e-05,0.00013601996322994692,9.540137756317046e-05
16,0.0002011259197287049,8.836456755339862e-05,0.00011242076319108802,6.586557730979937e-05,0.00014720018595912795,0.00014539263964485433,0.00018005528329777254,0.00015091405456318677,7.977028271845976e-05,0.00010381119049289785,0.00013441975930650457,6.872869752219235e-05,0.00016494687201543947,0.0001404302881164092,0.00010104847604228739,0.00012780081219182726,0.0,0.00011358975781329845,0.00013760327610084122,8.254837587445536e-05,7.508871742009304e-05,8.703062498732044e-05,0.00012597565098347618,0.0001026233615144226,0.00016481024380972126,0.00010151079142166983,7.457542472085927e-05,0.00016599384756642296,0.00017669717668641687,9.622952812428668e-05,0.00010895724870522413,5.845118607275522e-05,0.00012381422915653793,8.322718460332924e-05,9.362372622870419e-05,0.00013272802787783002,0.00011034755986011876,6.871177951526764e-05,0.00014239422559557483,0.00014491393897192955,7.10854023699796e-05,6.355256221385435e-05,0.0001543093859296706,0.00014871152977477393,0.00010344498671524989,7.02856764456707e-05,6.969840298712369e-05,8.157925083772403e-05,0.00011930991498584648,0.00012496734719338407,8.175832789502962e-05,0.00011842481854932362,8.850237019352917e-05,0.00018753749167926852,0.00011093336599935206,0.00011463034121099824,8.287264610002997e-05,0.00016001338653687477,6.511837064545666e-05,0.00010030602471619473
17,0.00016623237865977703,7.419136279757766e-05,6.104223587254603e-05,8.61306046528966e-05,0.00014629609387208862,9.767937388614021e-05,8.756054261854827e-05,8.95127898503097e-05,8.384923683939485e-05,0.00012050236169982621,9.694354336371554e-05,9.547131423098739e-05,0.0001086919786385023,0.0002138696774579627,0.00017341179277411211,8.12134324030821e-05,0.00014776262185251947,0.0,9.994142621616669e-05,7.294928580684058e-05,0.0001508301127584651,9.943439055904056e-05,0.00012218309319742766,0.0001260253784526783,0.00012452165385166936,9.16746272611212e-05,8.362335335659268e-05,9.6135733753228e-05,0.0001628412102243227,6.375885047050592e-05,8.13176520284728e-05,5.387844156462587e-05,0.00011160805359877903,5.731500582091547e-05,9.579899006404422e-05,7.520592217377203e-05,9.517673265994934e-05,0.00015930100663560714,8.117198465052877e-05,8.660975172991199e-05,0.00011127506153859782,0.00012168860692414005,5.672162091525202e-05,5.293775991540893e-05,7.315334274879374e-05,9.997844458480315e-05,0.00012835861448048466,0.00013983553900068842,0.00011402139551953355,6.057258019156329e-05,7.945816650006848e-05,7.59001458043591e-05,6.446616417699057e-05,0.0001278998827573374,0.00014049755043809176,5.906452307982648e-05,0.00011126007763296673,0.00010146721477226804,8.645944737080526e-05,7.64576175909526e-05
18,7.62240781454157e-05,0.00019998739672492862,0.00010029921775479951,0.0001737962467536735,0.0001126608587771271,0.00010757535545368955,0.00011562227316119013,0.00013255754719363038,9.8422783303809e-05,0.00027017340692278504,9.525635997132981e-05,6.535696711681583e-05,0.00012402164866027503,0.0001578512885509868,0.00017348697290856205,0.0001085679389478512,0.00010083138829263825,0.00010183477257913684,0.0,8.460201521087125e-05,0.00012005384172739102,0.00012033288033324131,0.0001376024863359613,7.326810118171404e-05,0.0001525468131787621,7.827966244824386e-05,0.00016989671938218395,0.00022909424339760296,0.0001578275931267359,0.0001308314890471754,0.00010033767093392398,7.347487143795327e-05,0.00013483292060832228,7.762886610921918e-05,0.00020322510682933555,9.48554462216329e-05,8.774448379167268e-05,0.00010514018102362052,0.0001151885215808861,0.00010749809903378597,0.00011400273465180244,7.210573570848812e-05,0.00012105835311300907,0.00013572816137871288,0.00011310825173773213,0.0001266979717649419,0.00012395748241833884,0.000130893797339826,0.00011373794889174049,0.00010793766230697225,9.475856729328279e-05,8.377032687495295e-05,0.00014683819068320148,0.00016870252151491744,0.00015033925947890718,9.618494087196172e-05,0.00014128299719556184,0.00010892172314200603,8.275651265038151e-05,0.00015634924867241663
19,0.00011128008887012136,8.299422573367576e-05,6.427895667301655e-05,0.00013287459346584662,7.871402344383104e-05,0.00010863531174280157,0.00010778880570563407,8.848028976722427e-05,0.0001334958964460651,0.00011520547648545052,0.00011909107629328532,0.0001297374712079812,0.00016912466587964674,0.000132548400329592,8.36631719365281e-05,0.00010405614096132963,0.00012151582462229867,0.00010328930848404269,0.00021162638976983546,0.0,0.00013610339093854062,0.00013378499202490563,0.00014492023669992335,0.00010089150301368112,0.0001347499881489379,0.00023183473723987854,0.00013838872229397713,0.0001177122654201784,0.00016848871726343257,0.00010527866747209047,0.00010193009269770451,0.000110941848194348,0.0001364608269580587,0.00012159516543393626,6.91392953539498e-05,6.548556142038544e-05,0.00017236572659988747,0.00014070754482398734,6.732645235023637e-05,7.224426450139294e-05,9.558039343556795e-05,8.723253350105961e-05,9.627602658314794e-05,0.00010487438411556463,0.00016289382776999673,8.969191976995092e-05,0.0001135108846387229,8.085170310132009e-05,0.00010735693103079428,8.026891334142313e-05,0.0001094058176664831,0.0001309326394160645,0.00010934087997175644,0.00011368702852777899,0.00014780272811012088,8.13388188335357e-05,0.00012718370613927724,0.00012222545705991417,0.00011547025688304215,0.0001223371177179304
20,0.00013608372764595085,6.138651875575176e-05,0.00011115205885397743,0.00010596563065054587,0.00014537687880769695,9.238239820070143e-05,0.00011959996353081745,9.976734410705322e-05,0.00013666821543205815,0.00012333106133852098,6.800737303635566e-05,0.00011397755044410343,0.00013844456110327934,0.00018465793839215648,0.00012048315306164626,0.00010625262848542143,0.00012989738614051956,0.00012084043878612658,0.00010045279780313662,9.575864530485217e-05,0.0,0.00015589741327363512,0.00022300247205195826,0.00014005376861357137,0.00015911593447847587,8.725574613377968e-05,0.0001536720954254,0.00011329610977100984,0.0001582299964562195,9.721542718888778e-05,0.0001463072243400358,8.517417077363785e-05,8.115999149550628e-05,0.00013872451537906645,0.00011821246977047172,0.0001592518281732177,6.450682577719224e-05,0.00011126037924993833,0.0001052848549098649,0.00018497306058018963,0.00010084880833230034,9.682543596535955e-05,0.00012002541013044639,0.00010987803686922507,0.00014086113928698816,0.00015561412251066426,0.00013670510485303152,8.604496318175602e-05,0.00010950275099271398,0.0001643107263220061,0.00011261167853119421,9.179722327109506e-05,0.00016561488304169214,9.946337066387928e-05,0.00012745546817256073,0.00011845324517218241,0.0001144412365098244,9.35504248775543e-05,8.628317177581329e-05,0.00021393488584233017
21,0.00010656414498249651,7.818952088750183e-05,0.00012792765120234195,0.00014315820688649855,9.266003739839197e-05,0.00013674899320666642,0.00011224490034998518,0.00010673982764422404,0.00012947933537084272,0.0002361441614139272,6.904261384732666e-05,9.294990064674405e-05,0.00012532465996208076,0.0001598941055081937,8.115917164834957e-05,8.639434316482068e-05,0.00010658139575484522,8.905148437654419e-05,0.0001612043311516532,6.251713664408865e-05,9.212825004639763e-05,0.0,0.00011828494283742622,0.00023062759312933426,0.00011954696165734011,8.82849824542897e-05,0.00011185077864710896,0.0001730516255618547,0.0001306607716566673,0.00014016371317908171,6.984250988142469e-05,0.00010428435151287784,0.00013525671506155933,5.950350165351933e-05,8.194523617163809e-05,8.330395175308548e-05,7.144230758201963e-05,0.00013529333085904468,0.0001367518215554428,8.435110087042775e-05,0.00010767979117900025,8.235147715673697e-05,0.00010358093337791879,6.446724216638847e-05,0.00013962134394263347,0.00020425498307508885,8.927169858657785e-05,0.00014836508921288116,0.00012962002360950101,0.00024998387570166034,0.0001357621348507211,7.604290473084126e-05,0.00010069115950299534,9.007806875748128e-05,9.002335970664586e-05,0.00011060887845796918,0.00010934478619537635,0.00011073897239385647,9.886059985807181e-05,0.0002004947001706176
22,9.721839169622541e-05,0.0001231371917073376,7.39577236361181e-05,7.152593288539944e-05,9.477099935793201e-05,0.00012101434297602299,0.00015311344264626412,0.00012889652198995073,6.977295736044185e-05,0.00012893974425121717,7.436181336469707e-05,9.858144184945089e-05,0.000103630455645799,0.00011403066245027128,0.00019074825053184443,0.00011774401770830405,0.00012612225100059216,6.715513711456008e-05,0.00011326438788580687,7.778375429268716e-05,0.0001435064363767233,0.00018841875971812777,0.0,0.00012047189182103434,0.00018440434239875658,0.00012560160332110158,0.00010817826720094444,0.00012027126801132842,0.00010351609691358813,8.284061591504981e-05,8.162011207259495e-05,0.00011280829383472507,7.703513830231719e-05,0.00010612242708038097,0.00014119665608256204,8.096858688568855e-05,0.0001236265175783141,6.892261370533547e-05,0.00015021959173596103,8.40431955936507e-05,8.450524389358448e-05,0.00010694806291028269,6.966365823517456e-05,9.635750104642619e-05,0.00014286995926285858,0.00011120850038446976,9.024906050220795e-05,0.00010224779893425889,9.307775514392819e-05,0.00012987241317353071,0.00011984378589107189,0.00014914458592947636,0.0001430616991945564,9.877353579217481e-05,0.00014208628276341932,8.21575800036607e-05,0.00010463493872565938,9.75278969510336e-05,0.00011476255809063201,0.00014424508757846516
23,0.00012441539057099664,0.00012478689751811492,0.00016968418307266746,7.881950413918796e-05,9.119398747053318e-05,7.959534005389795e-05,0.00010380533661326897,9.134218360289993e-05,6.522891554781529e-05,0.0001274375528866928,0.00014801549384932839,9.678060645271231e-05,0.00011019882446530557,0.00012442121286210418,7.69231119874686e-05,8.697228772084084e-05,0.00015477689657093742,0.00010822592036953787,8.564223761325988e-05,0.00013105318361972983,0.00014561677006447074,0.00020237955633510958,0.00013055870094363193,0.0,0.00024240610677679072,0.00010809974991151861,0.0001403525372582808,0.00013229555561318843,0.00013068509091864041,0.00011432858081514464,0.00010881297317842268,8.715445573123358e-05,9.527016933716575e-05,0.00013578030913014277,0.00011977273082686535,0.00012730139471919778,8.416368737376552e-05,7.542530458843499e-05,9.625995612002109e-05,0.0002076166957270784,0.00016415961287347586,7.916407682092968e-05,0.00013461685914250491,0.0001303613066341984,0.00015895425613064322,7.617510579533314e-05,0.0001186052644053815,0.0001343943889935062,6.970414343542377e-05,8.366419784376812e-05,0.0001232341579948863,0.00016372446420345293,0.00010663003267172888,0.00018896284250589706,0.00010949077204329786,8.572271005865448e-05,0.00013011608213278435,9.937648036715364e-05,0.00011573547106655522,9.766829086145295e-05
24,0.00014094363720849602,0.00011889676332080109,8.441282394972341e-05,0.00019521818894518465,0.00014016945791022197,8.445557074790036e-05,0.00013630441637815175,7.522066455911472e-05,9.930050892384274e-05,0.0001328310161399212,0.00012868504952192984,9.503128850851205e-05,8.211752983188e-05,0.00016823962207405203,0.00014648745493734072,9.969368261406206e-05,0.0001403328908198889,0.00012953611036915034,0.00015056467864386336,0.00012664753743118668,0.0001414711424278113,8.423873798643063e-05,0.00011628517097181417,0.00017232996791399126,0.0,0.00013574544910180693,0.00012357974145397083,7.895067890108484e-05,0.0001519543440129242,0.00012643169379722094,8.262137101765785e-05,7.517294529822475e-05,9.072519989107256e-05,0.00011480410582276462,0.00010988375526648632,9.426624785004486e-05,0.00010978482608487161,0.00018494444164958288,0.00012000639238722468,7.89253131134835e-05,0.0001085770730658183,0.00010677561278435289,0.00013625308825729212,0.00011306151983167148,0.00011420615760589178,7.113776450298501e-05,0.00016229730091422493,7.699806899004015e-05,0.00015725912580860928,8.736074808519846e-05,0.0001071609682970217,0.0001510094703116769,0.00016327174985203055,5.8551945607390014e-05,8.626179916132652e-05,0.000137087145917822,0.00011445617495350282,9.274623527941464e-05,7.315070318646075e-05,9.924333531128548e-05
25,6.747478997563387e-05,5.9613845537309914e-05,9.193503162291824e-05,0.00012222322211133301,7.612707212250445e-05,0.00012548321016780147,0.0002157810243903994,9.27677606562185e-05,0.0001110014530514163,8.08827464132316e-05,0.0001112429097944498,0.0001279358644652946,0.00011177971536743186,6.17354487464117e-05,0.00016255522409327483,0.00015734273335172363,7.467768644876972e-05,6.582144494273862e-05,0.00012474659738107274,0.00012161632921717956,0.00013467724566036844,0.00014218026194684878,9.847475778077578e-05,0.00014887462099296594,0.00019811335839492147,0.0,0.0002854981035531176,0.00011480443423840436,0.00010740483179152558,7.956534082968624e-05,6.065813871064958e-05,0.00020027681834440742,9.471775489014922e-05,0.00011537518263492624,0.00012042504187969597,0.00013294728943488373,0.00011046954248207116,0.00011618920700216203,0.00013529397667686615,6.864112598881108e-05,9.858101328879301e-05,0.00012708627819268985,9.08472475638449e-05,8.74027312207636e-05,0.00012948013268446033,0.00010348801848533819,0.00022193262805562383,9.927600014167377e-05,0.00015598046699133122,0.00011846577917189957,0.00018718700357657733,0.00012134920249346815,8.847850783953943e-05,8.126720678997756e-05,0.00011245639032863796,0.00013639991707123454,9.767583794060777e-05,8.55006844261898e-05,8.957717150907307e-05,9.953247391577951e-05
26,0.00013465978245639687,0.00010331934160682477,8.89053881336484e-05,0.00011542972111532003,0.00010466909830010056,0.00010265617995765914,0.00012183244991077442,0.00013375252220295788,8.1490544077066e-05,9.179271599767935e-05,6.201378661165792e-05,0.00010343148638353862,7.422528265790172e-05,0.00014608121426786563,0.00018039313666010545,0.00010427424437482957,9.989616892366849e-05,8.056838085112766e-05,0.00010759289506115773,8.199056542877854e-05,7.444079792801503e-05,0.00016953142990568023,9.119238085289125e-05,0.00015338298474310157,0.00010157340114966158,6.738982629050213e-05,0.0,0.0001296678666274793,8.786687147408318e-05,9.14310342018196e-05,8.182011584291939e-05,0.00012984977142258255,0.00010037214315916778,9.913655799747535e-05,0.00013870108416300014,9.714000647647635e-05,9.924401459754685e-05,0.0001034091994560024,0.00010942377066883895,0.00015682459532403208,7.873288401928256e-05,5.135717740191877e-05,0.00011159903862122232,8.723506172930006e-05,0.00018604767969154966,7.256698410136395e-05,0.00011155215423389271,8.496538716496473e-05,0.00012425982376426174,8.911290899187885e-05,0.00016263060578181946,0.00011950319069062887,0.00015788673172563919,0.00012059267470096541,0.00012015038693706153,0.0001003897165060965,9.387517614706863e-05,0.00016979125947482932,0.00010007209369408165,0.00011057992330128828
27,0.0001357214374408574,0.00014851213374587993,6.717166552665214e-05,0.00010113074044213457,6.625319334040516e-05,8.932864204959933e-05,6.244081594781877e-05,0.00011938778304021282,8.033614899827921e-05,0.0001369801183980558,9.894075791019637e-05,9.469125373134878e-05,9.899523297964602e-05,0.00013924786052670618,0.00021412375565574304,0.0001167643907665586,9.858723588745795e-05,6.077014794769824e-05,7.717200001176096e-05,7.86825577802284e-05,9.49573012733722e-05,6.587314208943628e-05,0.00016419749252887734,0.00010526170154047116,0.00019023858711985885,0.000120782995848051,0.00012745802048986214,0.0,0.0001826173834085313,8.031615535725718e-05,0.00015778270061982057,8.88252877353005e-05,7.721843994283076e-05,5.655137857551306e-05,0.00010956170883270488,0.0001072786981357243,9.122891256444446e-05,9.70033032839741e-05,0.00010859791596042404,0.00011275009536903478,0.00011015605252571309,6.934469955704054e-05,0.00018943256275061064,8.500859953625718e-05,0.00025334967187965433,9.181226683726419e-05,0.00014379590018258432,0.00011523256066538801,8.798097655629049e-05,0.00011346360067812793,9.872220010722932e-05,0.00010536822954145664,0.0001003267206348195,7.147895739596658e-05,0.00012631746376146755,7.074952963778381e-05,0.00011808174604806684,5.6426242815199816e-05,0.00014328838894819124,7.691930160877314e-05
28,0.00017580581969688758,0.00013867563055005306,6.740577204751027e-05,9.882344810395723e-05,9.01530197148314e-05,0.00012946076756594567,6.799786330046475e-05,6.51759091371147e-05,6.823484312838017e-05,0.00012428318958254136,8.090652704823257e-05,0.0001403677803404432,7.829789614978831e-05,9.739258352382379e-05,8.873917432213529e-05,9.692266382609627e-05,0.00011527947213553998,8.777798285957178e-05,8.356145485506492e-05,0.00011785672059747354,0.00013298546881836387,0.00010368151991738474,0.00020310236945148395,7.324796399300909e-05,0.00010913175380869007,8.763593445686734e-05,0.00011572097312487178,0.000134469720848882,0.0,0.00013379258635420608,6.610358103875807e-05,5.6178359829335846e-05,0.0001514862375744918,9.805489883270086e-05,9.506175376268727e-05,0.00018214712837725798,0.00010774890574056615,0.0001165996747509232,0.00018231245512131296,7.483669857502638e-05,7.524275204355046e-05,7.244774839220759e-05,6.932364397725935e-05,8.556536709448086e-05,0.0001264307307767539,0.00010644201827043721,8.952746927208969e-05,0.00013232096377806832,0.0001341001516491328,7.366668302002152e-05,0.00012419323285296435,9.39647498551368e-05,0.00013487595011535183,0.0001648920656655977,0.00014238317901799075,9.208224206297741e-05,8.540314493650714e-05,0.00010062571998062745,0.00014411456703361858,7.058337487547737e-05
29,8.43963354999977e-05,0.0001521729091222691,0.00010973100023074076,0.0001235255603131268,6.246125066340609e-05,0.00010187926389673787,0.00013897790944811776,6.95291864742463e-05,0.0001438584951584885,0.00011434535884011789,0.00012753053071078429,6.218282289765543e-05,8.425771355445481e-05,0.000131094847173148,0.0001192471184765261,8.306431249811552e-05,5.927821329095789e-05,8.27108810683227e-05,0.00012896577994626082,6.792049880420005e-05,0.00011329121287258943,9.079939471067656e-05,0.00020013536277926696,0.00016078826586392076,0.0001378202198884871,9.132734141708093e-05,0.00011315926169825014,0.00011201003557322977,0.00015955293382851593,0.0,7.125728664909812e-05,0.00011232486054749243,9.70610899164916e-05,0.00012595184202109406,6.723924917254578e-05,6.765657818799092e-05,8.16311884787141e-05,0.00011239423067145307,9.020057008773753e-05,8.772997632415794e-05,8.923796923406777e-05,8.371268846606855e-05,6.019653235820502e-05,0.00012528248383394735,8.507436518013119e-05,8.351993155296332e-05,0.0001234076457842922,0.0001204607876588502,9.126898744765849e-05,0.00010059670512747684,0.00010051108990605679,0.0001025026737511132,0.00016372620586427067,0.00013340277356531174,0.0001402333562888817,0.0001120703397449035,0.00012671648828718393,0.00010408119925404814,0.0001009553749502893,0.0001616639966501781
30,0.0001052100461736433,9.486884668833583e-05,9.17560929686944e-05,6.198599614359742e-05,7.39819285174912e-05,0.00015747007846052106,0.00011670576511007645,8.52215171543412e-05,0.00013072730553127606,7.875035470441606e-05,0.00015466730804295276,0.0001217864492556142,0.00012288305327153582,0.00014547720123290616,0.0001287395181360265,5.8207790156679534e-05,0.00010033339467800877,6.306208305204078e-05,8.825115290247386e-05,0.00011789535369419945,7.655490198160326e-05,0.00011724441963036933,9.902867322299431e-05,0.00013440811771194287,8.561846875907927e-05,9.056909451087218e-05,0.00011193997803802694,0.0001081855278660576,0.00014039586919515482,6.611086318271408e-05,0.0,7.41211152692749e-05,0.00012778737477479792,7.656211960293395e-05,0.00012597359948765834,8.450929090038092e-05,0.00015281212762036458,9.007471588246434e-05,0.00010215199547514576,0.00011758300809791019,8.045135867231641e-05,0.00011563349839574192,0.0001110414962598561,0.00015589125228564007,0.00013294016064309693,0.00010316318705995599,0.00010572558846960949,0.00018509317174430462,0.0001293997163383722,9.546418738339604e-05,7.942528861075661e-05,8.851371162028662e-05,0.00012036628389712367,6.677949280453548e-05,9.872795121572044e-05,7.693703442226133e-05,6.673963100753488e-05,6.804234979780002e-05,0.0001691212689554526,8.70583575158507e-05
31,8.12729896143352e-05,7.342852717283249e-05,8.434219665953952e-05,0.00011600457822065492,8.170938728713623e-05,7.151394980107395e-05,0.00018159710721057896,0.00012707991356971334,9.337327132138122e-05,8.959853075634742e-05,7.593909861681817e-05,0.00011263762722547665,9.182767983792696e-05,7.882329520596432e-05,0.00014522174933796907,9.219991066037445e-05,8.722806373071482e-05,6.527803898728002e-05,0.00012240917973991113,0.00010981813924268857,7.480317203514807e-05,0.0001611711322940285,9.790395382106669e-05,0.00010142873373944985,0.00011530875695682817,9.091568875523211e-05,0.0001202579421411259,9.929322433310137e-05,6.433902855298498e-05,0.0001414403485825556,8.939471460906582e-05,0.0,5.14703359257854e-05,7.359480780379167e-05,0.00012959854878821444,0.00014730126750961306,0.0001390479027810199,8.635674585063722e-05,6.188061281704891e-05,0.000141972113881123,9.937714754724255e-05,6.643593236848982e-05,0.0001271018932939645,5.77638819771066e-05,9.888783376653356e-05,0.00014470109651286,0.00014547412296577017,6.76122982012694e-05,8.132242402201934e-05,6.155444725733037e-05,0.00013351633024601014,0.00010235465307002842,0.00010508520163832953,0.00011134337784073248,0.00010546598800260819,0.0002015357150315354,6.891616122580051e-05,8.516571751821638e-05,0.00012132748435718792,6.895993931972392e-05
32,7.204741043755976e-05,8.142357474002681e-05,0.0001355984948888787,5.9393819073215494e-05,6.990097536458938e-05,0.00011059740324877176,0.0001281576830421782,0.00010663964208373122,7.491693540475498e-05,9.016492960218302e-05,6.18184750874552e-05,5.796302704350428e-05,0.00012891514520797537,0.0001262464697183359,0.00016294311379056768,7.22494573447101e-05,0.00010839117535719295,8.265928200102166e-05,0.00012452689940394275,0.0001739327163344816,0.00010288675217131342,0.00012121477418981392,0.00013090487221576242,0.00012032557464057918,0.00010769884112906406,7.156817915526701e-05,0.00014628698256266765,8.853190911488173e-05,7.59507736987877e-05,0.0001234355194229105,0.00015302247447162413,7.30453275379303e-05,0.0,9.85828495829481e-05,9.734650436420153e-05,0.00015901172126797303,0.00014079935237656076,6.038417764462191e-05,0.00012416838124177388,0.00011322590688440788,6.894587378880087e-05,5.924412711947372e-05,7.249582440704152e-05,0.00010257556476421627,0.0001229550826983699,7.800722021900262e-05,0.00013208368455690583,0.00011888163218219776,7.981342680740451e-05,7.646945791906896e-05,0.00010724637053259328,0.00011126541911100427,0.00011579558184145918,0.00011157638707654321,0.00011779799240470346,0.00012412972260845203,9.190211843500433e-05,8.407813856531869e-05,9.161543698681313e-05,8.749977144236238e-05
33,7.202386724836019e-05,0.00011441220409486577,6.601002194154793e-05,9.722630776772868e-05,0.00012122233630788997,8.927249811939333e-05,0.00023497751171891795,0.000135943292142082,9.925391380705474e-05,0.00011261302180340296,0.00012714545102183176,0.00017059290735714535,0.00013020526801969977,0.00010610198764076377,0.00016430021822171764,0.00014523970956663713,0.00010730009506822802,0.00011089666952065417,0.00010017631382638594,0.0001282533327250385,9.644585684650957e-05,8.801601166512314e-05,0.00016379242840611495,6.928646400399319e-05,8.182565899678899e-05,0.00016067891371779677,0.00020294184674295664,8.056293955397572e-05,9.547482685537796e-05,9.183460237959769e-05,0.00011270513875894643,5.476323476326487e-05,0.00011485504003764298,0.0,0.0001615544281061447,0.00012608927415168965,0.00010516710180002436,0.00011316466256325794,7.728583631410646e-05,6.237896416848643e-05,7.136901089737597e-05,0.00012964728831339612,0.00015147119395932852,0.00013658581851595263,0.00019469942155968937,0.00011256653969888132,0.00010936440721434809,0.00011879287078574224,7.100316262379559e-05,9.38849498373796e-05,0.0001398162194736653,0.0001400926637369742,0.00015361071462761266,0.00013899101022078088,0.00011767582009075662,0.00023283462181784576,0.00018862319569702248,7.524817046238625e-05,0.0001100625652424374,0.0002228569813745515
34,8.580728099393084e-05,9.548648073406634e-05,0.0001233982156061592,9.522201668287516e-05,6.80491259120851e-05,0.00011124673371112079,0.00012288653952239857,7.814936246004244e-05,7.106703493661496e-05,0.00014233916064285544,0.00014513816172388304,0.00011512174603108944,0.0001210436377842389,0.00012783392399076562,0.00010529361478334145,9.109573121737236e-05,8.796280816971166e-05,0.00012228584835480857,0.00010661317673314532,0.00016608281162821975,0.00013408709650668184,0.00011250984823210352,0.0001377909099954726,0.00014976087060676737,0.00018283015798168232,9.921471116122307e-05,0.00013296857458221364,0.00012015828163856423,8.768026068674034e-05,0.00013321497052863675,0.0001081947216345664,6.487174466691934e-05,6.910701326857152e-05,6.920022620059931e-05,0.0,9.490921635049166e-05,0.00013063064669482612,0.00012332854140794885,0.0001518133703574407,9.080593854724059e-05,0.00011935248280277266,0.00010387441781112602,0.00012978486672893846,0.00014742650844285833,0.00012907111198119252,7.604700387577406e-05,0.00010497636671238784,0.00012295208616485562,0.0001331591604498083,8.639203718277476e-05,0.000158289053389525,0.00014521098239366043,8.525706866781877e-05,0.00015159562240268012,9.626104325290944e-05,0.00011972128394971787,0.00011529008432512809,0.00010054244772807319,9.147852029436382e-05,0.00010829815759355371
35,9.771544005921797e-05,8.764959073362106e-05,0.0001798363320472388,8.272755789525668e-05,5.6584324111207706e-05,0.00012117968677615877,0.00015485244210986047,9.372500021497615e-05,0.00020525679372224176,0.00013543117928748342,7.02827944741048e-05,0.0001271370726617479,0.0001800348919932022,0.00012202976801178989,0.0002012944748043487,8.188380245102139e-05,0.00013347945639118224,0.00010098297755826756,0.0001347139629869129,0.00010054776527569839,0.00010228367595546585,0.00012181153766615589,0.00011699555516454906,0.00019980734165682263,0.00010347063668129288,0.00011621647671514002,0.0001270693718557501,7.918754508968392e-05,9.241548990888267e-05,8.869535365324013e-05,8.77236025678187e-05,7.535265267914911e-05,0.00011851859656435822,8.01631863137569e-05,0.00011139933237619823,0.0,0.0001256587808585319,0.00013330161495965137,0.00010967578531662237,0.00013722092862470254,0.0001369923689563922,0.00010761595421602433,6.195788947602669e-05,7.243319675820168e-05,0.00013955363381896915,0.00013678459162387813,0.0002160221486727365,9.94056052885135e-05,0.00015318286121163393,0.0001896976862102955,0.00013986903258209792,8.400172519544024e-05,9.83119228874083e-05,8.41047831979356e-05,0.00017120058312030724,0.00011968617033764569,0.00012744861152956814,6.905496201623759e-05,0.00010654346448617539,0.00016884443449531855
36,0.00014993095939839872,9.723238078328573e-05,0.0001295128132302377,0.00013974276529334252,6.730845730757847e-05,0.00012551789097594275,6.976094779521058e-05,0.00010271788762626109,9.128825746613882e-05,9.896008888154962e-05,0.0001307768656237875,0.00012343602204034661,0.00011699702683428029,0.00010046147322830344,7.623194613301794e-05,6.571746310453345e-05,5.729224967150974e-05,9.172893793452517e-05,0.00012364289204710958,7.917056018244187e-05,0.0001423048874907086,0.000138228479353229,0.00010285944699308343,8.557980031927454e-05,0.00013644646857027189,0.00010780780068274884,0.00013452086045183162,0.00010027281365704272,0.00010198043037018834,9.273765921581937e-05,0.000135746071766011,8.099006725848701e-05,0.00011618181819665629,7.418442003235286e-05,0.00010296262438775535,0.00016031208598882952,0.0,0.00014247834707250688,0.00011967275066944058,0.00012886064864509966,6.331297551059679e-05,0.00018115623699941244,9.929344415655846e-05,9.626630469582516e-05,0.00011039359509173671,7.773780723654668e-05,0.00018923458093177823,0.00018755140514725835,0.00012978825428054382,0.00013606859569080922,0.0001135317209616348,7.538460642795886e-05,0.0001399931355268364,8.188608696818441e-05,9.909382305116583e-05,9.729479305320638e-05,0.00011963693216074534,0.00011073768158356722,0.00010335232932770146,0.00012368016953068526
37,9.851920992235684e-05,0.00014333241519093952,7.850126301534929e-05,0.00013890017583828695,0.00010875650796187256,8.110023744903314e-05,0.00013522082767239036,0.00017861856494236222,6.501865200144846e-05,0.00014756651320425466,0.00015271295882962596,0.000146554628813644,0.00013996924332564762,8.16235908194843e-05,7.99232103555731e-05,0.0001446274593475243,0.00012755298920504715,8.04048032586835e-05,0.00017437041187439998,0.00012769483887668898,0.00016503512900183182,0.00015616233905848062,0.00011219982060853865,8.104865771447769e-05,9.13691149096561e-05,0.0001272702402523797,0.0001319106829020213,0.00012324690081449305,0.00010387582372611917,9.316242896295344e-05,9.990995192830277e-05,7.823408483305006e-05,9.32236182785928e-05,0.00015099407024011182,0.00012687051997495324,9.785137989348303e-05,7.371894624523468e-05,0.0,0.0001252467128870074,8.010676899080076e-05,7.794320276599942e-05,8.493689968769887e-05,0.00012476270424371342,0.00012913944282506837,0.00011112679860651523,0.00014395966503017574,0.0001448301047743273,0.00016171589978078132,9.730029563900885e-05,7.424328351624011e-05,0.0001667886916207198,0.0001359519838598099,0.00012118684118015223,0.00014273356513120104,0.00014170571648338255,0.00016215496759468425,0.00011136238538518204,8.145239994013978e-05,0.00011428467282901553,8.686719532905785e-05
38,0.00013318632263940628,9.145304078836363e-05,0.00015418981702765416,0.00016203873886162204,5.4459186477443846e-05,7.879752790203074e-05,9.981355176988186e-05,8.011739345505577e-05,7.472888730306196e-05,0.00017433349370202128,0.00012878548935109873,0.00012616265138957108,0.00014412261920488726,0.00012610583741365835,0.00011196166579920766,8.49671991290672e-05,0.00015596763697948965,0.00012133557217000688,9.822839137675812e-05,7.664879125080576e-05,0.00010989751412804468,0.0003049967661736014,7.839690463230907e-05,0.0001507356105845987,0.00013712965136634755,9.394891696855902e-05,9.203331840094961e-05,8.314511006310143e-05,7.238222068755781e-05,8.555719466811932e-05,7.339093341810331e-05,0.00010163533302801982,7.434618708910083e-05,0.00013848163845514471,0.00010577158246972889,0.00013486171721598092,8.116329998031549e-05,0.00020488886128046377,0.0,7.588539405725931e-05,0.00011587383618560293,0.0001224747980405454,0.00011199271568677915,0.0001377619565482249,0.0001021423796330302,8.819942547716358e-05,0.00017680913958029746,8.003145133976341e-05,7.547020351542207e-05,0.00011845864662611775,0.00016189312144940452,0.00014287534262798457,7.449274097403757e-05,6.533896721715784e-05,0.0001549116038489534,7.01867501768276e-05,9.219806628666655e-05,0.00010132210104823551,7.294294979350592e-05,9.548691180606442e-05
39,0.00014464512794771592,6.525005191178616e-05,0.0001092777837808653,0.00013966298092129792,6.987114548401189e-05,0.0001084060978670503,9.044006661510356e-05,9.268931280409834e-05,0.00010682764082901557,0.00010917037526204822,0.00010895624656035551,0.0001528771060298236,0.00013788098021163376,0.00013421819249408146,7.876184355933432e-05,8.620011010970997e-05,6.173561432298344e-05,9.758242437008252e-05,0.00011736053502763014,9.049075632974572e-05,0.00010276792862285144,0.00010907328182390574,0.0001441342986534244,7.429497151301899e-05,9.98747439252747e-05,7.570395467063514e-05,0.00011268152813158408,0.00012237912218714635,7.719130021940093e-05,0.00014543620629163306,8.396536750148038e-05,0.00010165017380387588,0.00015242331342439256,8.411668941978456e-05,0.00016398111260720224,9.727027057735931e-05,9.130582563670266e-05,7.77089136367695e-05,0.00011811486621818625,0.0,0.00010366626115499591,0.00011450575919851569,8.610832184972632e-05,0.00022003263463566403,9.160604910417884e-05,9.337863772759695e-05,0.00010021250827322812,0.00017719495567033831,0.0001262851154252115,8.332957888755526e-05,0.00014014059593430158,0.00012162972024158774,0.00013660221630886453,0.00017259791859580156,8.165683670300977e-05,0.0001712518747903993,0.00012309840474786988,6.17029281848943e-05,0.00011067532397257958,8.84810598408515e-05
40,0.00014629556657233634,0.0001682774165472387,9.467132036038475e-05,9.416969762292821e-05,0.00010733823731538149,8.962535672503372e-05,7.707069912939174e-05,5.374669321200901e-05,7.787847544800173e-05,0.0001395083974896206,0.00012062577094368574,0.00011156171938945947,0.00016581461756511677,0.00010085334512067095,9.004727333703381e-05,8.886421670279096e-05,0.0001358886495355181,9.84259650195375e-05,0.00011328153526376251,0.00014031546724399004,0.00014247622770080436,9.560165136602806e-05,8.963044366873027e-05,9.728410451367186e-05,0.00010214821817397219,0.00011191021534420916,0.00013327856556600356,9.469971603206014e-05,0.00016161295481031824,9.431332499328222e-05,0.00011181630955647888,6.054355525440905e-05,7.793078196334425e-05,0.00010705015411866499,8.033331805594098e-05,9.629355204859158e-05,8.304970832615757e-05,7.917598808338993e-05,9.876154353265593e-05,8.953189979943531e-05,0.0,0.00010366285776918372,8.382782062494271e-05,0.00012321142661509432,8.528904405905068e-05,7.415671331684691e-05,0.00019160698703375357,7.116972718192364e-05,7.167632966602272e-05,8.85197434048879e-05,8.180042444968452e-05,0.00016832478216175544,0.0001110626841806395,0.00011665479621968942,9.199191230985697e-05,6.855518593917952e-05,0.00019170273173425937,9.888387569191683e-05,9.552883738562278e-05,0.00010250036938936599
41,8.558032088622894e-05,0.00010144693586195914,5.8247268088187276e-05,0.00010909555936240404,0.00011756869997724358,0.00011041328434696381,0.00010003869152176445,7.398670210431775e-05,8.727949511443159e-05,0.00020106786352874344,0.0001415621652671661,9.759530458329174e-05,0.00015161107076504338,0.0001592453345358439,0.00015157275240726216,8.832949122109918e-05,6.516006105526415e-05,7.796215309423227e-05,0.00011701840006396887,0.00011090278947450335,0.0001289576805188505,0.00015352697891122993,0.00010692562310220878,8.606179693962363e-05,0.00011673010838643058,0.0001284167551420683,0.00014648285077772545,8.517840428145665e-05,0.00016806136290891738,7.475970469167004e-05,9.235978016561115e-05,6.111593128701325e-05,8.683882360056753e-05,6.725764305289598e-05,0.00015560945424668488,8.93472806258053e-05,0.00013785449119072245,6.556106045631377e-05,0.00010633464171219293,0.00011340642362228148,7.368642275901909e-05,0.0,9.743634281444166e-05,0.00011251073241474157,0.0001017888101798647,7.250141338177322e-05,0.00015197379242855272,6.028004968720208e-05,0.00010233556381456679,9.964981640907887e-05,5.872220939295866e-05,0.00015184130532956144,0.00011712995723102524,0.00010893606393347625,6.218887849059496e-05,9.363406149706274e-05,0.00011577839726212198,0.00016178431682474883,0.00013467712335497528,0.00010856894011582604
42,0.00011841182335318934,0.00010699989834510882,0.00010178626593635904,0.00011012847180269359,8.103451610749593e-05,6.665069916370766e-05,0.0001881221712997733,0.00013053417783229817,6.955343444256815e-05,9.59137942859753e-05,7.532553180757178e-05,0.00011221162946744441,0.00019303728695204415,9.569677772922454e-05,0.00014663019582438486,8.94374144039467e-05,8.432343623844894e-05,7.12961113027028e-05,9.119185122435786e-05,0.0002159457643297041,0.0001320429716056834,9.039073665804512e-05,9.384411181860192e-05,8.718578236301533e-05,0.00018618327607499354,0.00010185569948424598,0.00012163333948780338,8.293757597613133e-05,7.973558281913924e-05,9.366345195258818e-05,7.403056559364448e-05,5.8323758690046934e-05,0.00010930795390316085,6.47357746432556e-05,8.267240285755779e-05,0.0001614956756416078,9.151156832025345e-05,0.00010778282490684782,0.0001113146364425398,9.903506428008671e-05,9.207430671243816e-05,5.734543155589844e-05,0.0,0.00010149479222923694,0.00011453006392835096,0.00012572585570693297,0.0001743183618240555,0.00011473374658998503,0.0001229278473427318,0.00013484584641220682,0.00010537820624762196,8.907977068460427e-05,0.00016572806269015488,0.00012473040937721055,9.006055370644832e-05,0.0001736617846083078,0.00011169829467153531,8.405764381066945e-05,0.0001785129467482164,6.286180961919069e-05
43,0.00015226970425181844,0.00010018920112590678,0.00011600227915094428,0.0002300825895864269,0.00010226371803778801,0.000101448686827444,0.00012246333744342475,0.0001277631684822508,0.000125974009343291,0.00013280950690407358,5.393358718219121e-05,7.115695274560503e-05,0.00011219788210854095,0.0001454215096052957,6.85967585030989e-05,0.00010921926629001215,6.720671450627428e-05,0.00010756368061095536,0.00016492333050619197,0.00010977047229807406,0.00018360764822663615,0.00011453759584369775,0.00010290858031170487,9.81699342208367e-05,0.00017316352709183767,8.639599593435039e-05,0.00010155409089861621,0.00010496748476666278,7.270723711197482e-05,0.00010881052184877128,0.00010375434802124307,8.948782158895042e-05,0.00011716441561931966,7.386776488571255e-05,0.00014691858916689998,0.00011845433325173518,6.87260434998304e-05,0.00014733231717173884,7.539086510413534e-05,8.977321873257701e-05,0.0001315462917818849,0.0001476586686346012,9.42858906727224e-05,0.0,0.0001237335257330148,7.892634190252688e-05,0.00015104220898909564,8.4085670563284e-05,8.554034531041989e-05,7.73365657842203e-05,0.00011627575900518259,0.00012728978590089183,7.70888250366936e-05,0.0001886129271588384,8.560029362255747e-05,7.598484586664192e-05,0.0001090275320693718,0.00010521754700168252,7.780198109643628e-05,9.193606733718957e-05
44,0.0001474814484998472,0.00014330459883654865,6.714407782559625e-05,0.00016073112572737724,9.595363677303086e-05,7.149873181821e-05,0.00015144493560853174,6.0158454583083316e-05,0.00015121824380367075,0.00013387401309443225,0.00011083491860962606,7.285471390698601e-05,0.0001652266326870342,9.043851557402721e-05,0.00015062443786693436,0.00010462918176853668,0.00012073438992260568,6.267687345341723e-05,0.00016930147337684346,0.00011484159290728426,0.00012402843749820242,0.00019097216361085864,0.0001303980330858,9.14457311350878e-05,0.00011531599121354629,0.00011444125317465532,0.00012314698166527227,0.00010500370530331624,0.0001642093754849021,0.00020795066418414834,0.00011695512360887159,8.896732322340207e-05,8.408275490762576e-05,8.423245307219088e-05,9.265205655375984e-05,0.00010429808817387533,0.00011434199958858734,0.0001909754270005825,0.00013487415351704694,7.241666509529701e-05,0.00011291684598540463,0.00011323471417048171,0.00013140629163802879,0.00010629656306829407,0.0,0.00011872053770705698,0.00013812881328523032,0.00017078285103133448,0.00014564410657758284,9.019654367727889e-05,0.00011044292039835464,0.00013242275155415993,0.00018960499303656092,0.0001408517596844855,0.00012604967956441414,0.00020203539046719798,0.00014676100985270757,8.536170502545791e-05,0.0001760826602182299,7.76076737115013e-05
45,0.00010231557943241408,0.00010851235508471216,7.845200151834072e-05,9.506528853709737e-05,7.250157751436138e-05,0.00012320287264773366,0.00012574099270912123,6.476429333489329e-05,0.0001679044239118206,0.00011629273046737734,0.00016779510744327714,6.507327530172004e-05,0.00011438116616151023,0.00010859181732900555,0.00011661208530102314,8.64034412593496e-05,9.304143593036702e-05,0.00011188925268582871,0.00012061505401151813,7.667419162990843e-05,0.00014884555516839985,0.0001714020809764823,8.330039144999707e-05,0.00010014971370927073,0.00011369520681322331,7.567045369652513e-05,0.00012582230499784774,0.0001229027191598221,0.00013305255289877528,8.791071702579233e-05,9.67443954023647e-05,9.061468254703615e-05,6.315811655034196e-05,0.00010683397282765902,0.0001292430018520963,0.00011984058843972634,0.00012024416463913948,6.850878755453209e-05,0.00015673199896298274,7.819401247993282e-05,0.00011961470737675591,0.00013060152730365857,0.00015630737496566814,0.0001602670639137025,0.0001509016472358114,0.0,0.00013766993405115664,0.0001520221681819042,7.632559872974784e-05,0.0001462367729589744,0.00010881363931052263,0.00012033167235892026,0.00010633104606106234,8.675027739609544e-05,0.00010422000505897229,0.00013419228960492787,0.00010281554967449762,9.58712009391256e-05,9.660699205129168e-05,0.00014748179818083103
46,8.146283573099716e-05,0.00013636240422639062,0.00012033396338777961,0.0001572361516321274,8.287491291140243e-05,0.00015699784759030534,0.00014255252637557865,7.441213875810859e-05,7.01283509435096e-05,0.00010256905874686355,0.00011428079748911265,0.00010265350941958848,0.00011190679033763419,0.00013328919486471413,0.00017910480793647925,8.626529105523089e-05,6.651268550547922e-05,0.00015022675489587822,7.985075129301766e-05,0.00011866174881310266,0.0002637930441225602,0.00011344494239649357,0.00011062012259179019,9.115751376275834e-05,0.00012326817087099658,0.00010738610958861086,8.41356572148161e-05,0.00014336169082018724,0.0001491069421779626,7.830658006537174e-05,0.00016999910239220504,6.238371346953924e-05,0.00010800846122092366,0.00014164571429591458,7.11972162730901e-05,0.0001335161623047542,7.567827729436224e-05,9.713971788625065e-05,0.000151607570736908,0.00016081250725843884,0.0001131947924872611,9.902747338933846e-05,6.984238555285525e-05,9.043012879232273e-05,0.00011442142183066486,0.0002060891746062962,0.0,9.985325563932941e-05,0.00019267469599591435,0.00016156252695157574,0.00011693175244697953,0.0001439268394383759,0.00010368532234814638,6.618961774448249e-05,0.00012900027767838364,0.00010340018817270031,0.00010415685013296318,8.116599784685949e-05,0.00017044259387743218,0.00012591139349713855
47,8.0742892511274e-05,6.972361079212885e-05,0.00010507753979774628,9.824078875152179e-05,0.00010287241145199602,0.00010780893212397956,0.00010748819337958787,6.811641272868835e-05,0.00012617336358278734,0.00013605344348154112,0.00011334946963773388,0.000100833592283297,0.00010925510672103728,0.00013680141446538829,0.00012897613259421249,0.00011937567221764792,0.00012062403442038401,0.00012315222233162703,0.00018671443049411045,0.00012213842202594684,0.00015637432987189692,9.280814982204994e-05,0.00011474726130765274,0.00011065906723258549,0.00014633996470320517,7.22477417520978e-05,0.00012981333311323575,9.180856719781649e-05,8.291896215465127e-05,8.042006234646319e-05,6.272351630336341e-05,5.5898803695186986e-05,9.935516576356547e-05,9.808761434316878e-05,9.494982185082795e-05,0.00011979856465461021,9.784398538767591e-05,0.0001300593806078624,9.519658443275108e-05,0.00014368019150200558,0.00010461133319458574,7.200037928435585e-05,0.00012994261118175183,0.00010772634274937995,8.754368702954953e-05,6.886740431849653e-05,0.00017160411711194021,0.0,0.00016617881141557647,0.00013908758047496408,0.00011635238965525678,0.00015724104122603446,0.0001595954915746257,0.00013176982735299862,8.614327279200291e-05,0.0001059346700985128,7.077796912928446e-05,8.670612218553977e-05,0.00013635274167465259,8.197542772277496e-05
48,8.720068724102204e-05,0.0001226057215107242,0.00010816103891932514,0.00015357498625368044,0.00011833037303208558,8.661846587336879e-05,0.00014137739409960209,8.747903543659155e-05,0.000118610597516548,0.00012018704077264273,6.893449290121624e-05,8.761180851344006e-05,9.758049358233532e-05,0.00010010007642016981,0.00015946750043160246,7.244668615653596e-05,0.00018115195785682316,6.0551621673485555e-05,8.689876218674568e-05,8.999876508686115e-05,0.00012078023136368402,8.953045952895347e-05,0.00014748017679343004,0.00015872126801197949,8.26521059439381e-05,0.0001847299660475429,0.000137830408300959,0.00010317496537498076,0.0001211493089501315,9.517322224290979e-05,0.00011364914336398549,6.526522263929137e-05,0.00014575824728217245,0.00013581512150485914,9.674108358959923e-05,7.241850732270549e-05,0.00010255261165639334,9.636378131049148e-05,0.00016030866085409599,8.976870214560797e-05,0.00011226955366630335,0.00012134728074818097,0.00012276154135955697,9.755050350359735e-05,0.00014783850710678543,0.00012360922490894634,0.00013837707457708265,9.076568768008303e-05,0.0,0.00011408640150611203,0.0002706825802310016,0.00010857401596021397,0.00014054784677273966,0.00014014850785554715,9.93362971235815e-05,9.501500960798423e-05,0.00013491117096023136,8.786870340614448e-05,0.00010486872302510771,0.0001173010258687167
49,0.00011480686458629119,0.00015531367866266352,0.00010555417330411058,0.0001233362273867067,6.690426492898153e-05,7.857784476662306e-05,6.689935347630707e-05,7.774247787165346e-05,0.00010298054288920652,0.00013216206816920995,7.328770013261477e-05,7.942206980296945e-05,0.00012117868576667773,0.000142966398769991,0.00011397742531640164,6.507995623337573e-05,0.00013261352630313035,5.9360946559345344e-05,0.0001493452673009444,0.00012702637710416826,0.00010525987225888917,0.0001483444595787359,0.00018234716782520758,9.945003917431926e-05,0.0001700540678209283,9.546380286725199e-05,0.0001579220583302855,0.00010925148425559842,7.581387350977679e-05,0.00010207152326591727,0.00013231961660095594,7.818120550694051e-05,0.00010817887852158677,6.5820912817175e-05,0.00017170631532546654,6.932844159319307e-05,0.00010594505782141983,7.17500594098416e-05,7.917216086075586e-05,7.18905460127448e-05,8.159492018919549e-05,9.402618252183959e-05,0.00011869227835817762,0.0001187646213895977,0.00018091323497083125,8.106507979772813e-05,0.00010617304965771842,0.00012438500260706476,0.0001454245527149636,0.0,0.00011696651851167491,0.00011306145747456812,0.00019029760826560582,0.00010976184436819946,7.813943686116221e-05,0.00011921427402529566,0.00011035690467461023,0.0001598741878567083,0.00016447759033242653,6.826127500626702e-05
50,7.890365631555797e-05,0.00010564620125468189,0.0001475665959429263,0.00012553911676732577,0.00010852522642909591,7.052547559314007e-05,0.00012352954356726668,0.00010068686190754884,8.883509585463768e-05,0.00013353971078674493,0.00010853043712948715,0.00011334023344365752,0.00011188655282205282,0.00014812140487502053,0.00015673957040646032,7.664832536713155e-05,8.312973098528205e-05,0.0001364076428600359,8.794997011376956e-05,8.143131128770105e-05,0.00010855296275921777,0.00011433664001754276,7.996039803372072e-05,0.00011636013224842906,8.919262419849677e-05,8.585032300640945e-05,0.00012950408918584562,8.578483055155334e-05,7.855847263553398e-05,0.00013450701816034125,9.4864465943977e-05,0.00011672568753941152,0.00016371577462038432,9.376804753578225e-05,0.00012556085706543534,0.00013035080393040838,9.684612872150344e-05,0.00015074929641647425,0.00010311528947950175,8.755286976523522e-05,0.00011268518070440892,8.08293361380937e-05,0.00017039269302923565,6.859764984930013e-05,0.0001083199988182434,9.248988610187247e-05,9.467958913392931e-05,0.00011273037377874637,0.00017822787792573868,0.00010203225281761095,0.0,9.452799196345895e-05,0.00010557026782764424,6.855901618174622e-05,0.00016785974162186263,7.285655201593579e-05,0.00011506893656273416,0.00016714906176749407,0.00017652963222629126,0.00012092077430782717
51,0.00014344347566740153,0.00011111142997919015,6.758279299809594e-05,9.150009719226795e-05,7.833025225937802e-05,0.00010067878898173232,8.624832834001157e-05,5.934848448757924e-05,5.6914214667834646e-05,0.00012995193484360577,9.105525649969559e-05,0.00013062924251526533,0.00011269765528982483,0.00011672847613502939,0.00016790296381145325,7.875495022647862e-05,0.00011169201567416192,0.00012312701581843516,7.896714371619089e-05,0.0001389339945157475,0.00011020125200189508,8.294429568658725e-05,0.00012004614240116707,9.975319179322547e-05,0.0002017085124362263,0.0001367927008879228,0.00011950891671831197,0.00014327047445101494,0.0001472457739168374,8.608498008231058e-05,9.392097333841447e-05,0.00014326281419471492,8.51575651527983e-05,0.00011308391082958354,9.547656426723024e-05,0.00011393804294702744,8.213039927957743e-05,0.00011879042557381324,0.00012026351889623308,8.44607912133492e-05,0.00011956160590081058,0.00012554670296641463,0.00012511967863591074,0.00010757337603401036,0.00011114684832716649,0.00016649190974480637,0.0001481197729524635,0.0001656292279509158,0.0001808962227960742,0.00010214850228421997,0.00020997414450666922,0.0,0.00011429677843708864,0.00011206946773223008,9.095270340148656e-05,0.00010363196326418564,9.521683504416002e-05,9.889639508045607e-05,0.00010846364236326391,0.00011074428267553502
52,0.0001433932993074275,9.528199118070428e-05,5.946311119692304e-05,0.00011286417079530942,4.992687019801035e-05,0.0001250834873532247,0.00014664034784311856,7.739835516809694e-05,0.000146595219014814,0.00013995658507787634,7.971869040177707e-05,8.900650714842138e-05,6.644215688968955e-05,0.00012876459690531393,0.00020908578930593064,8.23440510905732e-05,6.842173106953019e-05,0.0001250110203358883,0.00016661051711261453,0.0001494931276320869,0.00014016938367280917,0.00014381242803775625,9.15617475426366e-05,0.00011541814040671461,0.00010745031426693195,0.00011761159393317495,8.364331597430394e-05,0.0002016069325161972,9.498781539004614e-05,0.0001466344443135089,8.046083983791691e-05,0.00010116987092072633,0.00017012330196613645,0.00011399274656260736,9.284223058861402e-05,0.0001802816212732325,6.130464862698044e-05,0.00013545211337242274,0.00010280334117270958,9.916048933091721e-05,9.529452700453838e-05,8.989800894784894e-05,0.00012187687674295499,0.00017630784546796696,0.00017535501404449924,9.874105482204704e-05,0.00010020487932101938,0.00010042920251502155,7.763996418808406e-05,0.00011445277632613099,0.00015241004888447656,0.00017599443626898457,0.0,0.0001370092089183257,0.00013673219611139677,0.00010289194532736146,6.178798292504673e-05,7.130575953249715e-05,7.054834431112256e-05,0.00010872169886128706
53,6.634418785103414e-05,0.00013531044047467437,0.00010226036805326536,9.311656541193847e-05,6.012035056057856e-05,0.00015560898175001405,6.77705505057349e-05,7.434766610795963e-05,0.00010775873254743357,0.00021478550783082475,0.0001558985801032131,7.331005711088624e-05,0.0001347481031503231,0.0001147363893660208,0.00014101042658585101,0.00010771156065808592,8.922629839044902e-05,7.834252392610812e-05,0.00015397435344256246,0.00016464748499052387,7.400768351113582e-05,0.00013448622571524523,8.826236133777713e-05,9.908554486461898e-05,9.752914069900199e-05,5.9019606263986135e-05,0.0001323365958307668,9.317701576774164e-05,0.00013539039060697113,7.003397165801075e-05,6.636271798506634e-05,8.278195361180399e-05,6.842381880354807e-05,7.391413486049793e-05,0.00011157268210480731,9.937633194804624e-05,0.00010791485363916581,7.808330537364468e-05,8.753485468120398e-05,0.00011360036909572112,6.656003744410158e-05,0.00012085700727080463,7.14424172358784e-05,0.00016404552035688923,9.544823461540528e-05,0.00013073597691993597,0.00012085866064100422,8.488523223723465e-05,9.689331327103431e-05,7.228721260412596e-05,0.00014614523367456603,0.00017838467436736953,0.00010093309971620946,0.0,0.00011345450718950151,0.00010774689044924168,6.677625277891775e-05,9.411826010739764e-05,6.994304258381003e-05,0.00013402058312686845
54,0.00017973763751285586,9.15093629251875e-05,0.00015022225774108072,0.00011176195948899997,0.00011151457730140627,8.79566666111554e-05,0.00011037354618486255,0.00017610512431525484,6.976789331594313e-05,9.332057740853225e-05,0.00010231506921201145,0.00010951873617444559,0.000129121244450631,0.00015990697559487227,0.00010632069820052722,0.00011544249366435345,0.00012006177489318432,5.0439615770428146e-05,0.00010069538973444072,0.00012411234242175226,0.00020455726446513478,0.00015287000047080798,0.00010583410663809814,8.456642087133052e-05,0.0002093530556823624,7.122425435489341e-05,0.00015480964110719817,0.00020709057659383761,0.00016189057185199808,6.221518843155191e-05,8.039004902231551e-05,6.551117916622747e-05,0.0002135139065659171,0.0001073333031762063,0.00020348848674443728,0.00011251212343741595,0.00011691880808445267,8.602762632916736e-05,0.00015586327620838443,0.00011367334730023204,0.0001320088803496007,0.00018829276804482618,0.00012874682413012407,9.726361924665589e-05,0.00017740887958533948,8.659011352955926e-05,0.0001566195669263682,7.722269861449229e-05,9.563642481969922e-05,0.00014109057908226466,0.00012186030506539471,0.0002209710490244767,9.932453508964027e-05,0.00014552479509982348,0.0,0.0001518248295064162,0.0001072455115103847,0.00012875074388960517,0.00011791022237840737,0.00013492006557137845
55,9.498127761439788e-05,7.344200716427864e-05,6.961650674861652e-05,0.00014583907378661686,6.239552425385173e-05,6.8737389735975e-05,7.81039582449705e-05,8.351089204647384e-05,6.499356874289095e-05,8.917423255561796e-05,9.659733071332995e-05,9.120568666207538e-05,9.95983432592953e-05,0.00014169857293450225,0.00010819926316903902,0.00012191898994293772,7.946431794502988e-05,0.00011484066682809138,0.00011729853187203354,0.00011064230332394418,0.000105504993292935,9.326201207693323e-05,0.0001157288368545007,5.6040057304995776e-05,0.00013971335314410225,0.00014888443988755984,0.0001872023336042277,9.841259024580604e-05,0.00015169413886942005,0.00012395565997410954,6.201485458208363e-05,0.00017569127342726532,7.604685382438588e-05,7.057658046968958e-05,8.145375068045833e-05,9.697285471539742e-05,9.333748363130032e-05,9.677177915007154e-05,0.00014594034789338714,9.901097463712489e-05,8.354589911526289e-05,5.888391889307415e-05,0.0001253435303822522,8.516426151794944e-05,9.484273041547383e-05,6.695742373942835e-05,0.00012429430709973318,7.696383382387349e-05,0.00010289354064003092,0.00010189153904883094,0.00015862093844832946,0.00011756230348258192,0.00012563899163688547,0.00011190380467749928,0.00010931576295722532,0.0,0.0001422726343128014,6.765875488688244e-05,0.00014389412246779699,9.242174569434881e-05
56,9.432940228708487e-05,0.00013860617510742272,9.168427783700809e-05,9.271643430324355e-05,9.045692763645977e-05,8.490843893017379e-05,0.00010279068193336161,7.574856799986958e-05,9.758926998623017e-05,8.981156244309821e-05,0.00010435321105746836,0.00018131560952636887,0.0001043446408444412,0.0001453898496576681,0.00011076363314757869,0.00010779068028996445,9.990452780919319e-05,0.00010793084792441942,7.345420471045446e-05,0.0001665911503831106,0.00015154758888940282,0.000170652762756758,0.00011039743319516883,0.00011860573970380688,0.00013725616870957085,0.00017834610499123821,0.00013613978554187354,0.00014278165985350853,9.070850794837149e-05,8.794014403191908e-05,9.797629926759596e-05,0.00010766341536122305,0.00010649215165881113,9.02255479570941e-05,0.0001790396006649028,0.00011803300674690738,6.344731636748572e-05,0.0001205259949808821,0.0001386161223775329,8.002545437841904e-05,9.595226404505023e-05,0.00011977013627725704,7.876097804116161e-05,0.00015084529027232675,0.0001834842552690386,7.251520881761685e-05,0.00014393622512404354,9.900623802318477e-05,0.00010143245672951173,6.159842440294573e-05,6.95725449100875e-05,0.00011598972090040516,0.00010852511350972295,0.00011240285915740494,0.00011367165739193862,0.00010693552307692564,0.0,0.00010246362257484476,8.13167103663152e-05,0.00010780292223923174
57,0.00010663606263416649,0.00012036792661257966,6.378454208582764e-05,0.00018876002168867107,6.994237594164998e-05,0.0001068552328505829,0.00014684990517626386,0.00010469453495946687,8.675353854693848e-05,0.00011712097996405419,7.881780932840917e-05,0.00012069263744127782,0.00010947486816016919,7.130638658976812e-05,0.00016996099457044264,7.969830022173306e-05,0.00019564749637554908,0.0001079486821391506,9.947364842277626e-05,0.00012896443525847363,0.00014900250921979103,0.00017421169446115402,0.00017837851089052065,0.00014546471506980674,7.426213561544162e-05,0.00012847153065307786,9.277757883457086e-05,8.882109578906336e-05,6.241877433975632e-05,0.00011805475163765779,9.265616621313318e-05,8.300383158315179e-05,8.104246641532662e-05,8.214336624987429e-05,9.503780167204577e-05,0.00013864934490810768,9.50314807181484e-05,0.00018830835451178656,7.959781404564974e-05,7.928925734179581e-05,0.00014116403226766743,7.508775973702223e-05,8.018849628984505e-05,0.0001405172818352507,0.00015362806500873372,0.00013066246041563645,0.00012001621208862085,0.00015466299133344404,0.00010013049974355363,0.00010117733358933288,0.00014771142749775057,8.172717635788501e-05,0.00011719430638144455,0.00011280738719983245,7.654268176258069e-05,0.00010466284331581901,6.823063780293667e-05,0.0,0.00010052575399939052,0.0001375579718627945
58,0.00014868919552481788,0.0001342253526467693,7.28015447052524e-05,0.0001147437265461895,5.9885886173446446e-05,8.804064305105517e-05,0.00014689074786283917,9.113435241751813e-05,0.00012917106424427543,0.00017461232033215754,9.709294815933887e-05,0.00010311943014497547,8.791043915084894e-05,9.168453832802233e-05,8.270230649602587e-05,8.790538942234752e-05,9.667507709059811e-05,6.329235184412198e-05,5.95811096478524e-05,0.00010922074873716369,0.00015084114763770924,0.00015740824904609258,0.00013335046851205192,0.00016052977625971376,0.00010416823553653477,8.950857803497653e-05,0.00012842286297598033,0.00014076736390229174,0.00015701350687987524,6.567997174820773e-05,6.16256125291376e-05,8.208404176601825e-05,8.511953622006132e-05,8.812493968984185e-05,0.00010172138297651922,8.668593777321405e-05,0.00010068069428095471,0.00014067880974165037,6.588957201843447e-05,9.817484384163636e-05,0.00013435328253857428,0.00013736634479512055,9.035903444528054e-05,0.0001100195043146285,0.00024829489045094977,0.00010618294144374971,0.00010708548423907071,0.00011033051036809521,0.00014269685813024307,9.385393394695638e-05,7.77247641680184e-05,0.00016835763456503417,0.000134099795704188,0.0001088951581253977,9.674429043291697e-05,0.00012537796756440615,0.00010295893468379787,0.00014901590099813866,0.0,0.00012552033351302498
59,8.11019844152484e-05,7.853768361376765e-05,7.719332315021408e-05,0.0001303243370859817,7.357402115327843e-05,0.000121301824622479,0.00013904752211468027,7.606741297882924e-05,0.00013450574694057906,0.00012676211886145688,0.00011678034935778622,9.158123318956956e-05,8.063744102184374e-05,9.083457338685624e-05,0.00011009256342639933,8.344985405207832e-05,0.00012004469629388685,9.285984474580019e-05,0.00010841848343965662,0.00017004425266174198,0.00012144793593254005,0.0002062857524796528,0.0001336290674473144,0.00011362941136405502,0.00012585334728884134,9.951136560407881e-05,9.848487659011579e-05,0.0001617876244527028,8.765670429861337e-05,0.00010076631956621663,0.00010240293425321158,6.791259472361485e-05,0.00010294699810226219,0.00010627113570399409,6.98394655821211e-05,0.00010559410872071035,0.00010183904165040674,8.448639054852146e-05,0.00014786472705814805,0.000129288569630181,0.00015366413744862683,6.987142557478161e-05,9.44375743469733e-05,8.41144050373427e-05,0.00019991962633798512,0.00012179686467242003,9.617878315758165e-05,0.00013773444573149558,7.423689631637629e-05,7.635618174084721e-05,0.00014073734390193066,9.006432034764134e-05,0.0001620479770029086,0.00010881284879842175,6.55704652572496e-05,9.95629505296969e-05,0.00013246748296508168,8.64613011923047e-05,0.00011181656158578889,0.0
