,0,1,2,3,4,5,6,7,8,9,10,11,12,13,14,15,16,17,18,19,20,21,22,23,24,25,26,27,28,29,30,31,32,33,34,35,36,37,38,39,40,41,42,43,44,45,46,47,48,49,50,51,52,53,54,55,56,57,58,59
0,0.0,0.00012639094658195379,0.0001036135313712443,0.00011157066430962965,0.00012903488364035884,7.707230794460062e-05,9.335460735154612e-05,9.129016420840417e-05,0.00017519467830698587,9.801557069227888e-05,0.00014795253819327523,0.00010072039065367123,6.761979280593728e-05,0.00018716398162321634,0.00014313566961599508,0.00017412680233334907,7.825219857487076e-05,0.00010075178123469544,7.601977284093517e-05,0.0001291262246244675,0.0001004296240642803,0.00016293010910539173,9.71629219402165e-05,0.00010206721172832786,0.00011272135743438956,0.0001382457444355561,7.162834066141553e-05,0.00011702644778265488,0.00016536410354761103,0.00010632838469696901,0.00015952530203427358,0.00013313623839833258,0.0001291561585565419,0.00015308984476389948,0.0001421085177872407,7.342117530558445e-05,0.00014689208497518095,0.00017179006099189508,9.457686779108295e-05,0.00013547631931119653,8.43780379182145e-05,7.990291095706e-05,0.00010943175653592791,0.00011793385122062102,0.0001920538663954153,0.00018743666110130076,7.527435915384918e-05,0.0001533958761619313,8.289440015340147e-05,0.00011404637808453713,0.00012605683705587865,9.092366812985167e-05,0.00011130395835322661,0.00011886430540398355,0.00010484583687818794,9.568973163237966e-05,9.270350017226611e-05,0.00016442697062948059,0.00012008567311294205,0.00013760515163761946
1,0.00016685638621427945,0.0,0.00012481406683330395,7.811797994102219e-05,0.00011853574320722303,7.39144222835397e-05,0.0002049880976734591,0.0002142693087689695,0.00012392773587496965,0.0001727873025862013,0.00013668252653523694,0.00017582005260202642,0.00014254653475409765,0.00016411703481289207,7.44655877038158e-05,0.00016377776597186012,0.0001060964441684247,0.00013036036673955636,0.0001492756501846077,0.00015176287355180072,0.0001255964962579482,0.00012994366597997718,0.00010141089154276308,0.00013651719741260645,0.00011737950698602041,0.00013022217188543404,0.00012024691027779979,0.0001327625281698199,9.88438179375345e-05,8.692819395981939e-05,9.926748491485452e-05,0.00013017083795011181,0.0001341297138782002,0.00011890597368536362,9.491106635734037e-05,6.331257731160804e-05,0.00012088260316790664,0.00013004006230193205,0.00011933408236101398,9.356119685773894e-05,6.513438257474668e-05,0.00010720925985802355,6.589284656406143e-05,0.00010370619027490412,9.622508760911772e-05,7.852640080259916e-05,6.644430324285603e-05,0.00011293767612160573,0.00011304450212818693,9.179536216076587e-05,0.00011114029107441714,8.762271835506958e-05,0.00011925279657008366,0.00015200022510697362,8.861080389772494e-05,9.589454255578283e-05,0.0001548381984449974,0.00010235320050906495,0.0001277723130510738,0.00014884445602631054
2,8.791737684550179e-05,8.040991535463322e-05,0.0,0.00011393583525815702,0.00013696777282719267,9.883058577788243e-05,0.00012295436144013803,0.00010142015821090362,6.419756108633357e-05,0.00011092067332925853,0.00017006371736518687,7.71438736887996e-05,0.00011324514479443986,8.235840890918471e-05,0.00015183208449700986,0.00013441771920395752,8.619500199100279e-05,0.00011804425702840444,8.387200227822494e-05,0.00013544509756582753,5.920023736042088e-05,0.00010612838789589437,0.00015524780550903454,0.00013322982861822862,6.293993886456461e-05,0.0001011408546992474,0.00013313311226254628,8.426907274490299e-05,0.0002162775193993644,7.04918232298468e-05,0.00017400051589563573,0.00011634940923706663,0.00011030324994850598,0.00014716112682855385,9.884067927123126e-05,7.193054154555455e-05,7.48967900741016e-05,8.145784689200198e-05,0.00014788151332224183,0.00017207241556248403,9.91751786053425e-05,0.00016429371644080898,0.00021370507667617785,0.00012089699566910214,0.00013875144232193478,0.00020709592304680907,6.344910633992511e-05,0.00010353498670999514,0.0001131640765906238,0.00010638401192209885,7.264012276316069e-05,0.000126705080482828,8.791144574363439e-05,0.00011546147914139857,0.00012155091835053666,0.00011721107322993489,0.00010460208946743463,8.621196058013447e-05,0.00014204145958085848,7.271960168716153e-05
3,0.00011145424317358462,9.850226701255389e-05,9.072255329621984e-05,0.0,0.00013703363380192652,6.875135098557768e-05,0.00010791045223916909,9.751355963374475e-05,7.185685417958782e-05,0.0001586234156386183,0.00011309348810064696,0.00018498049420179432,7.678991853306208e-05,0.00011199914961414892,8.370877136555531e-05,0.00017758226890024684,9.185606752962092e-05,9.894757994102787e-05,9.437918294528007e-05,0.00015261675888523425,8.737607265847345e-05,0.0001001342249885371,0.00017666910766751408,0.00016093528316049423,0.00013310725644345763,7.360601790997255e-05,7.632816275886143e-05,0.00018786886377701226,0.00021767919648942388,6.513315666623939e-05,9.266426940284837e-05,0.0001250376719815878,0.00012415417538755628,0.00014926591919660245,9.937993232568284e-05,0.00014946533660435582,0.00015128576852810026,0.00013974814524498203,0.00013115936924596252,0.00010622549177548151,0.00014554489830964152,9.062709232529174e-05,9.123268934570907e-05,0.00011555891926083589,0.00015482396853781975,0.00013166984421388394,9.090162764953128e-05,0.00010405946528996089,8.549133424769186e-05,9.02972777902279e-05,9.365484457848733e-05,0.0001299560743390639,9.784324417013415e-05,8.014183248325101e-05,8.467259310306164e-05,0.0001085614858244329,0.00010731109308471851,8.018413610040832e-05,7.843706258740048e-05,0.00010953936831011888
4,0.00013380538196036245,0.00012182097780939256,0.00017765156078350787,0.00013791087550749315,0.0,6.264419973162273e-05,7.342147886844094e-05,0.00011126880443631714,0.00011690768772187536,0.00012919580110898451,0.00014974745253193726,7.339283204493602e-05,0.00012353364968076792,0.00016132451761615482,0.00011974475270364912,0.00011716021045734659,0.00019644328920741607,0.00016281439783760816,6.709875521294169e-05,0.00017812600289446873,0.00011661374538524478,0.00011099769488419986,6.971430434886577e-05,0.00014115209220381085,0.0001632444187849083,0.0001024654568426604,0.00010128267434761388,8.825631128450126e-05,9.021514772458891e-05,6.692986677278329e-05,9.331832159011229e-05,0.00013639988934828666,7.667367439507764e-05,0.0001130458851852066,8.914389536357847e-05,7.667059279181236e-05,0.00011624372725947826,7.91474163908952e-05,0.00012931767332799443,8.315423372234703e-05,0.00013207341105793993,7.360766559167814e-05,0.00011313084055743217,7.363224016944285e-05,9.557951092146785e-05,0.00012305891440309925,8.800446640338799e-05,0.00013505426717822145,0.00013447490112337377,9.025539844076056e-05,0.00013118519575466573,0.00013250347854346515,0.00010649665907927489,8.430737693901019e-05,8.249963375826173e-05,6.886431132924495e-05,7.575853395630071e-05,0.00017428190256899598,9.45131958642987e-05,0.0001471050986839585
5,0.00010716642980358454,9.130355733949887e-05,0.00012705706103045933,0.00011255939459010784,9.962121753799513e-05,0.0,0.00011743302850139035,8.147365094436168e-05,0.0001330927253292107,0.0001404435782969079,0.00013820686118624724,0.00013492249904107476,0.00010375585789246105,0.0001299894043112561,0.0001289545310723178,0.00012016494156086528,0.00015769844382052832,0.0001731710566119492,7.206632894496839e-05,0.00013534033196007205,8.735454001480569e-05,0.00013288668431533246,9.86484665441877e-05,0.00010747395886408634,0.00010612124359446744,8.801498054275298e-05,0.000127254139893519,0.0002227582328877462,9.111253381024509e-05,0.00010035206004099452,0.00010441973624843687,0.00010309723719777212,0.00010345120224053852,9.812775771896065e-05,8.258641420666858e-05,0.00012904409547386385,9.363777636580241e-05,0.00011485537407525293,7.785415265124973e-05,7.777667437430889e-05,9.607775684427689e-05,8.671931203088597e-05,8.041320949253034e-05,8.100071421473529e-05,0.00010004579122170891,0.00017054988036108957,0.00010953926445132593,0.00014423501782882378,7.594443925441351e-05,0.00012372396240246966,0.00011486023002123074,0.0001962649097857531,7.30709498690456e-05,0.00011984048654355606,8.278972667627906e-05,0.00011014306178768604,0.00010185640963997302,0.00010457961585789406,9.290100882084886e-05,0.0001243104254392112
6,9.117936590550197e-05,9.972385380365169e-05,0.00018877105822596714,8.681107575769979e-05,9.897138652402416e-05,9.25184469832938e-05,0.0,9.763514938067375e-05,0.00013287140293254422,0.00014213482900832263,0.0001062850355754537,0.00011461852956347413,0.00012075954649979285,0.00016579059450903596,9.347766615491153e-05,0.00012857160768201036,7.248425607371832e-05,0.00010612357204737767,0.00011233978681910862,0.000145242421649737,5.6458057867097006e-05,0.00012679353536989004,0.0001096883387057098,0.00014651164590857922,0.00011605429096822995,9.567800687065174e-05,0.00016981874192074903,8.594004895395591e-05,0.0001265927587842232,0.00016839454165025483,8.923871314014797e-05,0.0002053753077034379,0.00016354204758293306,0.00012311864582400782,0.00011850072176634627,9.923885606989474e-05,7.595638533403984e-05,0.0001433125405631821,0.0001765448122575394,9.071185488576932e-05,0.00013905145938936396,0.00015045277343466563,9.725179155788001e-05,0.00010037471981390695,0.00012558493395067405,9.563029871787164e-05,9.172117694551405e-05,0.00012662921298773266,0.00010049950300706567,0.00013709192328923884,0.00012702307084984499,9.298488509433934e-05,0.00018940144608443476,0.00013447285150999666,0.0001252358933031814,9.833408308328626e-05,0.00011103336928062923,0.0002089827714412508,0.00015909559358405584,0.00010899584078784616
7,6.151369690092063e-05,0.00011065018245137597,0.00013528671176059708,0.0001163518959254045,9.160849753180783e-05,0.0001385916205110495,0.00014746838248382962,0.0,0.0001555200136811573,8.013349380760082e-05,0.00013490177909318711,9.89874518606347e-05,0.0002079808047358216,0.00012022000204648651,0.000174348202927525,0.00017348370508901386,7.738958708627483e-05,0.0001140120874754893,0.000142316718363207,0.00016513504954954465,9.822113051161464e-05,9.710291425200476e-05,0.00013020721916609784,7.98952334690965e-05,0.00022969369783805283,0.00017424547473948284,7.822900648541435e-05,7.437810131093411e-05,0.00016105538069174135,0.00010839874121888659,8.872208190973412e-05,0.00014074817310179256,7.051720316167928e-05,0.00010895915014271492,7.816954102017703e-05,0.00010566459683914134,0.00011299096198279083,0.00013994631993378636,7.511688645940498e-05,0.00016362170702784756,9.264933299937487e-05,0.00010179836163482779,0.00014792965541573437,7.931570738300025e-05,0.00011151413385435602,0.00015027030224336094,0.0001263137121605698,0.00011940113394375243,0.00010010809017517296,9.445738420514163e-05,0.0001079355405424848,0.0001526341356569736,0.00013244914408358936,8.827065870157258e-05,8.804137902145228e-05,0.000130772027318501,0.00012554647852869563,9.69683486573724e-05,0.00011910494685572524,0.00011464032000121808
8,8.72715491149651e-05,6.98798739027232e-05,0.00012007046690688012,0.00011090516684751032,0.00011990097981829569,0.00010497454639988901,0.00012132795671049098,7.209246602330987e-05,0.0,0.00016943808006427745,0.0001289041550127326,0.00011701503307258397,0.00015703809610378598,8.681938519698875e-05,0.00015185278796947695,0.00012083543783391676,0.00012107313638083356,0.00012561562183072042,0.00015697734641402514,9.885287622167145e-05,8.003495159223716e-05,8.754613396134631e-05,8.407794043692154e-05,0.0001183849263556542,9.397663851540881e-05,0.00013883481020099495,0.00013614455439320795,0.00019637923211693586,0.00017370637304957531,9.30053752233472e-05,0.00014045268141648002,0.00017037592156779122,0.00010826117387361792,0.00017718155735977533,0.0001329201598773593,7.705281371659352e-05,9.76594922751728e-05,0.0001109020712292899,0.00016629206987590282,0.00010748838629661705,9.86136831234832e-05,0.00010462916356594726,8.527189515132056e-05,9.529848615797775e-05,0.00013124816553784397,0.00013939263970755246,0.00011647630986361141,0.0001432465767689186,0.00013516854142730245,0.00010862497941792863,0.00010944183014710064,0.00012380973119725835,0.00015590142387328582,0.00016461519298478493,0.00010312470733401468,0.0001637552917680395,0.00017871591886168783,0.00013355362393970284,6.0297683937192995e-05,0.00015083871621097045
9,0.00013333081911190198,8.210277428454481e-05,0.00010584431249686107,0.00013200623900368598,7.954119688433119e-05,0.00012932010146809444,0.00010694914715812761,0.0001274511399419767,0.0001020641375990434,0.0,0.0002870220884957226,0.00011649609528839404,0.00013282913188436706,0.00011134953346704187,0.00012127750700915319,0.00010030302723468597,7.73787308342754e-05,8.214263653044345e-05,0.00010882746972210333,0.00012170689143572446,0.0001025056033795908,0.00014047699636163906,7.721023103157853e-05,7.710311422004432e-05,0.00012847793188710966,9.412985924098861e-05,0.0001274195440224364,0.00010410262561883697,0.00010279916601098664,8.092099047214577e-05,0.000156371602372476,0.00012404339233491456,8.400290482183211e-05,0.00019065414474509266,8.33376383823548e-05,5.5301486865465456e-05,0.00017438521107170795,0.0002048769887437041,5.7923381230361794e-05,9.01082847579002e-05,0.0001264504755741108,0.0001022021681505996,0.00010816968075934893,0.0001291734411668292,0.00016767971689309787,0.0001018545971068393,6.612401668203461e-05,0.0001052529817009122,0.00018159989330544427,9.21822101384921e-05,0.00013701208002740972,0.0001490756908483721,0.000126156113971154,0.00020012535005520647,7.637895904849636e-05,0.00015470325355802618,7.674327318223518e-05,0.00011086530381701959,0.0001807537704533829,8.828793065881709e-05
10,0.00013755445154530139,0.00013779486197922178,0.00014370328550363423,0.00015559370395026853,0.00021865150689567497,6.928976867516827e-05,0.00011304244769243898,0.0001441880276062547,0.00025790995218362834,0.00013843199421666373,0.0,0.00011710048894817631,0.00013901605078754078,0.0001907850196516631,9.796394542937408e-05,0.0001646226605565252,0.00017550309198538505,0.00017715839573177294,0.0001390708949140672,8.873762012486838e-05,7.805111523678735e-05,0.00011714223166773236,0.00016551887587633557,0.00016474634789840438,0.00011568524672737097,0.00012282025825385967,0.00012647410652673037,0.00018740388126445547,0.00014795186626438358,0.00014215521108773937,7.858156758091734e-05,0.00013000706164519965,9.625442923549637e-05,8.877124067748844e-05,0.00010291311639742162,0.00010694949567319218,9.277069514691961e-05,0.00016044845757877518,0.00019204668571426434,0.00015540804035041534,9.992797991138152e-05,0.00013460385021927968,0.00021134942364951765,0.0002266252445904034,9.963408067154468e-05,0.0002008378029859545,0.0001442411214671505,0.00011326929095658561,0.00010877758307936376,0.00012147713917960465,0.00012036319120057753,9.396566474929642e-05,0.00012955243264286563,0.00010299806254927276,0.00012548981190168011,0.00015658942515005888,0.0001416229386627808,0.00014307114261382568,0.0001525884536697525,0.000252113262158095
11,0.0001132917475401588,7.104789526464054e-05,0.0001402266507916193,0.00017937181166154435,6.791515344327611e-05,9.24254360513815e-05,0.0001271261109757711,8.736965328612844e-05,9.856545207556682e-05,0.00018738171820631175,0.000159631276565098,0.0,8.796999170447162e-05,0.00013702199455341367,0.00011693695605472187,0.00012985441265686597,9.535620369637014e-05,0.0001649748282612769,8.5535112140022e-05,0.00010063289682361862,7.399890109605565e-05,7.568053802256628e-05,9.054495674342757e-05,7.933492757866822e-05,0.00013387318607597118,0.00017109487069173553,0.0001189604358169211,0.00011004699459150571,0.00018170991399589484,0.00010632925601938843,6.689069587279632e-05,0.0001245585350759672,6.90055979148632e-05,0.00010560238757388994,0.00011310718489549129,9.288392339151206e-05,0.00015898068152505788,0.00011400143595157822,0.00010810819917396395,9.690225878530737e-05,8.908918486000929e-05,0.0001358998028299852,0.0001379436697667554,0.00015452531216110022,0.00014855144656481783,0.00010739774276418828,0.00010597676782149645,0.00010329184458161223,0.00016968217283022476,0.0001244736949343728,0.00015506427421380897,0.00013297858733133113,0.00010731370671904987,9.356050334594495e-05,8.859940759741918e-05,0.000139656427993505,0.00014946814271758212,9.565258000155497e-05,0.00010050422735922917,6.337953464602041e-05
12,7.632390663663624e-05,9.05085392185468e-05,8.684512818585951e-05,0.00011996090409437796,0.00011233185529759286,0.00011159699394766375,9.924475203628664e-05,0.00010153268803347636,0.0001689747208019782,0.00013213883251447672,0.00017335354357331416,6.861941493317163e-05,0.0,0.0001333303232301179,0.0001235207454261027,0.00020070405835692176,0.00011834526133384129,7.264496443962218e-05,8.32024248560365e-05,0.00021101121400645756,9.814374883753893e-05,0.00010177415556393336,6.506184813911011e-05,0.00010268900913035366,0.00014563174448410204,9.948720528563225e-05,7.695343330474424e-05,0.00010322233519053873,0.00014283195651073312,0.000155334014192544,0.00010278501457367866,0.00011826921286306606,9.39424950853881e-05,0.00014648166700496784,9.416730758330908e-05,0.00012597522100152265,0.00011986661412327302,9.259500076568559e-05,8.656534098325504e-05,0.00011573426059974895,6.936985559384765e-05,0.000139974297748578,9.0898456236435e-05,0.00011680848404278068,0.00016899902492177935,9.541107695554736e-05,0.00011284376823075846,8.235733736928912e-05,7.550375356698084e-05,0.00012766897992442727,0.00013957443063047507,8.481911212941723e-05,0.00010489728451457892,9.565541710883124e-05,0.0001206839780303055,0.00015170816291136573,0.00011380511218019742,7.405109958065019e-05,9.917061168152581e-05,0.00011619140914585177
13,9.451427479732992e-05,7.363376316417723e-05,7.152607729152522e-05,0.00015444145313497256,9.293089703637714e-05,7.181835218504942e-05,6.941672415648743e-05,6.754362164516353e-05,0.00010684573559331542,0.00019169344788714458,0.00013939686941236463,0.00015078362099501697,7.385645457471686e-05,0.0,7.966329002117685e-05,8.656265857542559e-05,0.00011310567508956306,0.0001316321047664896,9.110442006658475e-05,0.00016198698753902875,8.780471201843794e-05,9.748916962876165e-05,0.00016624444274758118,0.00019174762012584318,9.145108557949353e-05,9.691955452082722e-05,0.00012767666101563984,0.00010949876678855454,0.00020061256782211465,7.415052332129792e-05,0.00011910399323173814,0.00010330834426734038,0.00012505288069335845,0.00010596334629096678,0.00015903015658292645,9.232788878464152e-05,8.475038880716292e-05,0.0001220321818999978,9.876447598433209e-05,0.00012069111865839011,9.161330504496789e-05,0.00013688785146328828,9.774634402857467e-05,0.00020472356584719532,0.00016240030941231095,8.046767906236911e-05,0.00011787376592081943,8.682524051073177e-05,0.00011141221731529659,8.940098547988207e-05,9.599214640616653e-05,0.00010172087396193691,0.00011875121127558287,0.00011493746806227628,0.00014566694835197434,0.00015525751367782573,0.00023796775333604964,8.499827991090857e-05,0.0001611736504983165,8.58040131086771e-05
14,0.00011322153600886357,8.394940318235104e-05,0.00015148590922622678,7.18890728753694e-05,9.419975498199635e-05,7.79374429115026e-05,0.00020806025145567463,0.00011032268117747751,7.025962844770118e-05,0.0001375822306009306,0.00017607089094340037,8.906582117393305e-05,0.00015885087989006628,8.601462767182721e-05,0.0,0.00019911474876091974,0.00013286796992669227,0.0002194872401533689,9.20499649783741e-05,0.00011215642733948112,0.00011285931713718251,0.00010313941538117254,0.00010439888126694317,0.00016141916040148582,0.00012214422293913157,0.00011766225582721634,0.0001007974111602358,0.0001242051688190103,0.00010186043690229223,0.00010139459961423535,6.950983086497205e-05,0.00014418368333836564,7.470740115376011e-05,0.00014470518597551476,0.0001288430858552733,8.182842944127295e-05,0.00012639511316227869,0.0001115194469773143,0.0002379169420560381,7.558799742257718e-05,7.092070919883394e-05,0.0001545480107485932,0.00010853354397359375,0.00014354895684991968,0.00015500344403333519,0.00011862075258911365,0.00016179848485274213,7.932470131318637e-05,9.765912358886059e-05,0.0001564110344761509,0.00011438486632668973,0.00020091622799251418,0.0001403406667297926,0.00013556211803272768,0.00010043018126829828,7.864231649028858e-05,9.003264523030465e-05,8.704577817446903e-05,0.00014179793649631494,0.00015036857399477267
15,9.331062924605618e-05,0.00014388759862096087,0.00017314356883034058,0.00012206366070781856,0.00011577705300627801,0.0001239179671856292,7.927021302950749e-05,9.942264959306132e-05,0.00013016313286981306,0.00015244996867212852,0.00013310038563980355,0.00010944978796282622,0.00019241366862089024,0.00012598030458378434,0.00014785656153717115,0.0,0.00013464781869556384,0.00020321142070221703,0.00013193236899178558,0.00019228980940791092,0.0001177340612879982,0.0001015708938201039,0.00012335791193071426,0.00017452900641538356,0.0002476979927693547,0.00010848961000816166,0.00015804850573595896,0.00010060451636083163,7.174040518159002e-05,0.00012689458664941165,0.00010986067889624519,0.0001114550656273598,0.0001351905608584839,0.0001430856413341508,0.00014273813228274972,7.277392572096004e-05,0.00010845311605012214,0.00014961147168842602,0.00020577848970443108,0.00014964572171470957,0.00011272634391580693,0.00010875548495220319,0.00016518870108697735,0.00010689461412201341,0.0001341270262505836,0.0001524554966248849,0.00011800986795775242,0.00016735021815749665,8.460592483460147e-05,0.00019563223683204708,0.00015675876255574555,0.00011770845077126175,8.748125360589254e-05,9.422754847969675e-05,0.00010939393920429397,9.48444589143784e-05,0.00021521164798809462,0.00018612742221917484,0.00013483339940825463,0.00010678915172986303
16,0.00013866343204449038,9.628110400129219e-05,9.236478616389948e-05,0.00012470440086855618,7.571917821435943e-05,0.00013946497130705319,0.00013072046450079711,9.667199734787575e-05,0.00014163707258199056,0.00015919857287815902,0.0001035526768353497,0.00013399154800258393,8.170402602802072e-05,0.00012302555769156182,0.00018613803448535405,0.0001273454908042727,0.0,0.0001272938893031271,0.00010660249381443519,9.331152059024828e-05,0.00014997113322303408,6.895945865233698e-05,0.00015977303506414296,0.00015426852780636434,7.892479231489862e-05,0.00011835097342841883,0.00017602340754156775,0.00012025125820916206,0.00015182534605319713,9.69783159793701e-05,6.738595126083693e-05,0.00010918824226426732,0.0001241188197345856,0.0001408770140046065,0.00015967118794894122,6.58492520699219e-05,6.969869505459057e-05,0.0001376588646821586,9.187322959273529e-05,0.00012234835819604592,0.00013538468596582408,0.00015931819321368784,0.0001226897235862643,0.0001528386603623895,9.840645856400557e-05,0.00012108212047764039,0.00010961712902809759,0.00016071494620833042,7.766106103398601e-05,7.381865371418138e-05,0.0001012913931358558,9.665229354765702e-05,8.061957218334988e-05,8.987139686008342e-05,7.103281931955665e-05,9.611451278365094e-05,0.00012528277929202918,7.70099858509635e-05,8.336294940569843e-05,0.00011981642988181825
17,9.149555556802018e-05,7.533216287027123e-05,0.00016369420057992797,8.499283674241939e-05,0.00011800038534035848,0.00011685505569082229,7.047063264306177e-05,6.639683297540559e-05,0.00014581375943497048,0.00014310481430574248,0.00010648559910189163,8.908615927333074e-05,0.00011840664299179507,7.605580565070234e-05,0.00010415950690640166,0.00014047951738717037,0.0001429840497916379,0.0,0.0001751426532450119,0.00012285600730395824,9.65486584612916e-05,7.137443045940625e-05,6.39817779503534e-05,0.00017692136402507332,8.458719836919289e-05,0.00017156379187202773,0.00017936650087008058,0.0001320139789277876,0.00013069769599506577,0.00014707608049496003,9.775819213555478e-05,0.00016076684760023312,0.00012134667413744639,0.00015208590428196118,0.0001283498694583383,9.19632570712143e-05,7.827958990575036e-05,0.000147376336218553,9.979290085511413e-05,0.00017141667307620827,0.00010314990593361847,0.00010759722497323966,0.00010528416108406279,8.925180790700177e-05,0.0001447150440441892,9.016165726237784e-05,0.00011602263143433077,0.00015189769315900273,0.00013995576302179357,6.62968856293658e-05,9.413859636028038e-05,7.456223702787023e-05,0.00010444291027032964,0.0001314454471320508,0.00010004767469437811,8.195788172279408e-05,0.00012231279488654438,0.00012584691305402463,0.00010870253456638743,0.00012495546911134634
18,6.568459282494441e-05,7.070247954446124e-05,9.03487758683646e-05,0.0001478549667752612,0.00011216927500903744,6.712358572102673e-05,8.782713397315729e-05,0.00014209984351631552,9.60358728074245e-05,0.00013217030915235712,0.00014830202935784176,0.00014121080685297962,0.00012345632684503216,0.00010476864188400473,0.00011176569034685577,0.00010120280791988991,8.410625951276437e-05,0.00010616237899215276,0.0,0.00010501212132891151,0.00010634082501940834,0.00011743541396957637,9.854765443037283e-05,0.00015151735578987246,0.00013397816509841872,7.87553714341994e-05,0.000137058582666106,9.691372583869629e-05,8.818746438842816e-05,7.112548979717287e-05,0.00014376391157811265,0.00016988432057912737,6.873592206505511e-05,0.00016898450010623345,0.0001318531212309723,0.00010939849850447348,0.00017161238436777312,8.924055989803838e-05,0.00010555949286557325,7.868503805565276e-05,0.0001573115868182543,9.052575088399825e-05,0.0001303996062574803,0.00010410181881426364,0.00012775636985327835,7.634399473165578e-05,7.231346587079254e-05,8.828552469468275e-05,0.00011163461880992024,8.804085475564413e-05,9.326653684908983e-05,0.00010173000795568126,0.00011333126231779383,8.372768265058518e-05,0.00010024588622692207,0.00011946327416489545,9.541011003542203e-05,0.00011036953170990736,8.430178691907102e-05,0.00012594578715602287
19,0.00014412337444324186,6.983222836076162e-05,0.00016664335427961515,0.00011435491600275166,0.0001258334146007275,9.95917786419457e-05,9.383338946016347e-05,0.00010035096623492153,0.00012610487091157927,0.00011421466249124731,9.845993197014052e-05,0.00018013439064391983,0.0001508872142749542,0.00017527411507926207,0.00011148468563095249,0.00016381927984521438,0.00013001258749356352,0.0001320346341915139,0.0001358112280342851,0.0,0.00012134970276065987,0.00011295350587202161,0.0001057900391046245,9.467149531072047e-05,0.00014145913949799738,7.834167156595538e-05,0.00013829290198290645,0.00011847627295069069,0.00014808561743285233,8.49001671440216e-05,0.00010994412814417602,0.00013926885826971234,0.00014208363705222864,0.00013571665536331887,0.00010801722485713743,0.00011455464240658867,0.00011118452564573161,0.00015997865318306847,9.827108490348791e-05,0.00011599012371313807,0.0001170548211544291,9.942942021256467e-05,0.00010504092557294989,8.88922310712199e-05,0.0001207982363490429,8.560096023426224e-05,0.00012013892268315938,0.0001356954958340185,0.00012064754615824097,0.00015141342021489514,9.601433738985094e-05,0.00013690275986273987,0.00015524996582635248,0.0001322782623351191,9.470576107552168e-05,6.82388683880966e-05,0.00013933877914039348,0.00011725142326109094,0.00012212050873687004,9.076904733447918e-05
20,0.00013883735815853267,0.0001368232749051574,9.282521346099727e-05,0.00010396582987753262,9.44721245454127e-05,9.189333759387608e-05,7.352749370066706e-05,8.621297635468182e-05,7.092007427011579e-05,9.461389814063414e-05,0.00010798090634165492,0.00011424278774844533,0.00010989895828106977,0.00012093038370155639,0.00011145372587519443,0.00014343522179877116,0.00011710871345144356,0.00011034129610823081,0.00011044407956796974,0.00020607375018732099,0.0,0.00010641067620208161,0.00014939243312861594,0.00011649771444119444,0.00014305538574741102,0.0001014152272677804,0.00016292037231267105,9.040702501100564e-05,0.00015069841568051627,0.00013795819941900644,6.684033342538744e-05,0.00019051426486771278,0.00012943966123571545,0.00012526205892511705,9.398406979960381e-05,0.00010488153074218013,8.249060850678194e-05,0.00010152957784724852,0.0001035227902286211,0.00010162132800873325,0.00010415195191634826,0.00013790546749520784,7.011591646493262e-05,8.934161108344407e-05,0.00012383321526236686,7.837359099790132e-05,0.00013576236930465654,0.00011787317588638785,0.00011103744355238798,0.0001753311280729689,7.68431667161337e-05,7.672398939778594e-05,0.0001130169090997899,0.00010047605877718293,0.00012753952978552762,6.736377037270958e-05,0.00011697087290695118,7.583206503584818e-05,0.0001217156133639887,9.083981374295745e-05
21,0.00011842752359970465,6.734491419509596e-05,0.00017004110107921648,0.00016790806944467194,0.00010451505818621057,0.00011362966607811852,9.1069472162669e-05,0.00011322008565268708,7.673709220150978e-05,0.00013988559112073924,0.00015706021340334864,0.000131722672609259,0.00011269294571382886,0.00012992139814945133,0.00011863780342944973,0.00013016205859779523,9.87678908027124e-05,0.00010857740297520625,6.211710556486238e-05,0.00010450199607206818,6.221942464160533e-05,0.0,0.00015374002556594108,0.00016393887059234927,6.538470542266094e-05,9.875774278456778e-05,0.00010180639312521072,0.0001210199627249119,0.00015245719100727593,9.681365803394813e-05,8.936048521358239e-05,0.00016439755559009668,0.00010425826219244955,0.0001143618109292412,6.280751678297032e-05,8.009235282836883e-05,0.00012939686027934387,0.0001451680410011849,0.00010189627885005812,0.00015035846095954155,5.6566584016034575e-05,0.0001049849079583624,0.00012071277589071647,0.00011451494503647966,0.00010988713015389351,8.327783163606464e-05,8.601113184146412e-05,0.00012730399820976303,0.00010878099898043108,6.838856512527363e-05,7.712209247333392e-05,0.00012683929641387544,0.00017177994488172215,0.0001063415066598858,0.0001403608153918934,0.00012574148388636353,6.95976222904893e-05,0.00015194989722760844,0.00011052738149599723,0.00014130212296012347
22,0.00013504452143534202,0.00015381823210008902,0.0001312834858505849,0.00013567438958718813,0.00011433327974703632,8.07438646298641e-05,0.00014807487514729734,0.0001451974905171538,0.00012083676482843596,0.00012598482598748047,8.378108930264304e-05,0.00013713139283422232,6.658584717674294e-05,0.00015973319793727316,0.00011185252493015037,0.0001518730923048764,0.00013468939069741863,0.00012829950524395798,0.00010545674027439445,0.00016770685417927605,6.604269273444689e-05,9.58827725631708e-05,0.0,7.628016170871342e-05,0.0001311690361776332,9.313633312596025e-05,0.00011476889246604727,8.514435001947793e-05,0.00011046060901036655,0.00013623169197958144,7.426546079224527e-05,0.00012193546575619219,0.00012450534108331346,0.00020048657683177724,0.00012743949940459995,8.501427300894565e-05,0.0001241538831239189,0.00010906395666009235,0.00011799074569659357,0.0001296257745955342,0.0001208603057539358,0.00011392536020136963,0.00010145172284022133,8.015033584736733e-05,0.00013984110561731741,0.0001225149847610443,7.128265613406544e-05,7.596551477199687e-05,0.00013214487557441926,0.00011464914943118752,8.275730976488878e-05,9.984197530770541e-05,8.174307666824957e-05,6.503915731812065e-05,0.0001437250944586551,9.523966490611212e-05,7.796526010767215e-05,0.0001057783721398732,0.00010293502549549552,7.78031516659276e-05
23,0.00012647500581483835,9.347211870833144e-05,0.00012065611329742291,8.460740476559169e-05,0.00013141865817639217,6.245583587622751e-05,0.00014294132823182022,8.776354276096126e-05,0.00010646327558676401,9.598085999935691e-05,0.00011934755666122106,0.00013382270054712085,0.00020175660726667066,0.0001372296775149968,0.0001052648644188284,7.798840142857105e-05,0.0001450915567727864,0.00014566723909016806,0.00013270118315204354,0.00011667372814825174,0.0001300899920467799,8.753563935416848e-05,0.00011140195049875863,0.0,0.00010698833850843871,8.224141855199782e-05,0.0001424176364506232,0.00010024081100672501,8.977663792798008e-05,0.0001359898180438514,9.217805551043682e-05,0.00013991741804735323,8.54504368649769e-05,0.00013376643923682113,0.0001723307990592096,0.00012534955529968907,9.240197804910885e-05,0.00011933953520706036,9.86505696602819e-05,0.00011371695231304897,0.00014601832694086418,0.0001042097107951103,0.00010050918565065301,0.0001289213827723182,8.914819110351988e-05,9.28785060428819e-05,0.00011041195734177756,0.00018734542913362547,0.00012977208899790757,9.895950343148649e-05,0.00010831781748303617,0.00015372098432213236,8.990382680598319e-05,9.125248002205084e-05,6.132724168614918e-05,0.0001762914048912464,0.00020611421812054213,8.056241559446797e-05,0.00010662979795750609,9.819368739009206e-05
24,0.00014604833253685972,8.71988625866723e-05,0.00015806391950106528,0.00010949215168771396,7.512733533394753e-05,0.00016771973031626342,0.00013557074157244777,0.00010174781464144737,0.00020162296168534184,6.466856904675897e-05,0.0001866476599078029,0.0001471613462265631,9.41250361496459e-05,0.00015407619194225935,0.00011714175810814447,0.00011445240184828038,0.00011114701593615607,0.00012226885518710313,8.776932296326908e-05,0.00016155145354819757,0.00011213627193094899,8.635958552386907e-05,0.0001830003195367773,9.584550508306295e-05,0.0,0.00013244166057373085,0.0001667233622219393,0.00011380409877087022,0.00016598002657651427,0.00022956631815253595,0.0001333679525556906,0.00012372672659106718,0.00011067369498472674,7.369468155794608e-05,0.00011506490797328318,9.763653363267577e-05,0.00011853240212737289,0.00010746162373933962,0.00011676744950361506,9.080924666862169e-05,9.631327358642582e-05,0.0001341675493333294,0.00015148445463344785,8.056000541742996e-05,0.00011650003713172398,7.546847637866236e-05,0.0001258960130563321,0.00012725733010103267,0.00011616649331125162,0.00017507383766966915,0.00010742002309643188,0.00013288349625140223,9.18289889005658e-05,0.0001561514035727268,7.950357209689468e-05,0.00011138279716040175,7.822292943919356e-05,0.00011293576712993204,7.786221196302705e-05,0.0001441296376673331
25,0.00012426225550094002,0.00011268051810086428,0.00012991293708122255,0.00011785060881142562,0.0001330890757989013,7.881431762013876e-05,9.995186793077404e-05,0.0001079018377855256,0.00014786097082201404,0.0001106252422444636,0.00012264324946987585,0.00021616994120260503,8.304568764805086e-05,6.537690045275354e-05,0.00011335891052554932,0.000114225883211306,0.0001534622662713487,0.00011542997259498435,8.611812718363502e-05,0.00011532600079285192,8.246354060487915e-05,0.00010129984303596355,7.756080017785236e-05,9.261835790819656e-05,0.0001159678242975017,0.0,0.00010302824012441001,0.00017898791873252316,0.00016133114073192234,0.00013433201872100283,0.00010176630143629144,0.00015799394208366346,0.00011777426454739511,0.00013260213188643328,9.726573349932207e-05,7.483101012244306e-05,0.0001300514874236852,9.846672817536335e-05,0.00013342104460184803,0.00018253227416686551,0.00011749142592877875,0.00011127025847314368,0.00024742697247333864,0.00017704700915536397,0.00016434910773143954,0.00012731583661518538,0.00012868284017360167,0.00016078422494144391,0.00012866232289540479,6.72886405261644e-05,0.00010791193140597115,6.53201269949099e-05,8.820693050482272e-05,0.0001329739395106761,9.953292935910249e-05,9.682409298220289e-05,0.00011056637824517898,0.0001096332722893321,8.268319510902214e-05,0.0001029909296372124
26,8.385022394058386e-05,6.971828431519912e-05,0.00013720700470992535,0.00012907742827659898,0.00011970954379125103,5.845642559399797e-05,0.00010246539238136693,0.00016072888204251196,0.00020404244259518336,0.00014064134598064517,0.00012608356175190707,7.02217143077436e-05,0.00013097401507016821,0.00010560601711890783,0.00010041743601083789,8.077311758391493e-05,8.213284960140001e-05,9.337907730461178e-05,7.205287047532246e-05,0.00013886157917050178,0.00016577363221861015,8.606181091647075e-05,8.94459248635505e-05,0.00012051459600933728,8.631720689655224e-05,0.00011275469126924723,0.0,7.876986544273674e-05,0.0001300094507334393,7.822496547596221e-05,5.598430159268173e-05,0.00014678703379241237,8.230651233458911e-05,8.978546487009844e-05,8.267445540493989e-05,0.00011239626397108277,0.00012710381678876246,9.911316745412496e-05,0.0001556723579736871,0.00010852742173965863,0.00010720067223038113,8.839360438051739e-05,0.00010111227940349112,0.0001509022866428746,0.00011681840862475033,7.666679347779438e-05,0.000104349013171422,0.0001266003193109362,0.00010255986463794278,0.00011086795674034409,0.00010171984262953512,0.00010665409442270093,6.56135635317286e-05,0.00010729642966324419,0.00012703353324720345,0.00011039157068498208,8.957710768217761e-05,9.697698048668003e-05,0.00014061041956663596,0.00011967909039296327
27,7.621486284903044e-05,9.436639662927514e-05,0.0001320217408869,0.00010282948935281587,6.709968050169406e-05,7.706379898159924e-05,0.00014884501319741822,9.289982049881538e-05,9.814677722021748e-05,0.00010610163234615717,0.00010720713233028482,8.715692102399353e-05,0.00010900567041816988,7.767264596460528e-05,0.00021606954488029778,0.0001516442349168038,8.28104670281065e-05,0.00011850106860476215,0.0001365239026659556,0.00020107373943085646,9.311815363154877e-05,0.00011211071633267213,0.00010673646504942195,0.0001967756308776685,8.274183498466561e-05,0.00015668066325229176,0.00010994082449105619,0.0,8.47652634956691e-05,9.795738506055181e-05,0.00010087934744822332,0.00012187774443758708,7.191862201331455e-05,0.00010946586366255869,7.336193866770684e-05,0.00012926563654851156,0.00011932851759345045,0.00012139655682368074,0.000174998370231173,6.689120837137383e-05,0.00012294230179676734,0.0001257704057509723,0.00018692150009866327,0.00015832402114035428,0.00014045836214297461,0.0001001928518438295,7.490723357440108e-05,0.00014359769451051494,0.00012120019853868485,0.0001402963629776377,8.657888327380113e-05,0.000154235786431793,0.00010653741934166235,9.595758101609941e-05,0.00011991775698385079,8.782907333301917e-05,9.185429049402425e-05,0.00010789433106661297,0.00018461445758503363,0.0001268488033546248
28,0.00011455036306247363,0.00013501559256569803,0.00015808679815990502,0.00011511682315047671,8.32255957697362e-05,8.205078518898546e-05,8.72302457626157e-05,0.00012826531619856925,0.0001619365941588859,8.127764671106227e-05,0.00017315223349862136,7.879026226471378e-05,0.0001905541814886126,0.00014944251730121836,0.00014705120255349493,0.00011137175201669313,0.0001481573111593067,0.00012633857920204509,7.476409859706026e-05,8.831691364371071e-05,6.325125088538805e-05,0.00012572758267145057,0.0001233739070797323,0.00012885088950933792,0.00010210585616578617,0.00019242391805252297,0.00012646781683649713,0.00015337697771219014,0.0,0.00021166890984192346,0.00012406900192756185,0.00012212869937384212,6.820240296820696e-05,0.0001727907155660707,0.0001142392894832473,0.00015479964479225987,0.00014664002605835016,0.0001473555876409728,0.00011850049104275485,9.257844551219554e-05,0.0001814694410275047,0.00015282313768708576,0.0001461693080136487,0.0001240285248588523,0.00015877376777922753,0.00011969359955866526,9.445920936139101e-05,9.844903524596937e-05,0.00011475948434076723,9.06182131284188e-05,0.00013466468036371184,0.0001675323562551814,0.00011601932110068238,7.821048855903458e-05,0.00012527255647860495,8.084199257687533e-05,0.00014242682593343953,9.14090023407029e-05,0.0001465774867063422,7.721536873655523e-05
29,0.0001224798675565748,0.00017315023947826868,7.940755451347369e-05,0.00010664799853265651,0.00012977421832605454,7.443997181494527e-05,8.442077127819494e-05,0.00011559313452470296,0.0001573927369591215,0.00014977830524766348,8.603618844460606e-05,9.632819065922253e-05,0.0002093698356346845,8.364781273434226e-05,0.0001355573450319061,0.00016920325090220582,9.714725995035548e-05,0.00012725457842044987,0.00011281850975106604,7.315208150691093e-05,6.615946900516096e-05,8.964927544781496e-05,0.00018966036528092839,7.456697013137603e-05,7.824326550343108e-05,9.538700684496834e-05,6.022090765105618e-05,0.00015850027767886537,0.00014583518354237181,0.0,0.0001104297583847253,9.998457515208743e-05,0.0001426213106380588,0.00011974655692010509,7.946189657835475e-05,9.124666845064773e-05,0.00013389338960843904,0.00011698098933983672,0.00010684752193832978,0.00014597303594557026,0.00011464941770588185,0.00011483387495977468,0.0001614130194784517,6.2106530516482e-05,0.00017090807123687967,6.968049790072064e-05,0.00013943691071468742,8.758866055239207e-05,0.0001638714679059439,8.419683815315424e-05,0.00014731047818981752,0.0001685929593873278,8.279052903739516e-05,7.02899050589426e-05,0.00010053922753571768,0.00010972086400600928,0.00012899683023538612,9.27326318590613e-05,8.833609014225205e-05,0.00012308770627504872
30,0.00013764013454961666,0.00012533710132891468,0.00011698972473363689,0.0001152084647422994,0.0001152746180156271,6.808302818806895e-05,7.691434152677736e-05,7.246953250981151e-05,0.00012815141280947436,7.682149996660986e-05,0.00011252818847501275,8.541519217125669e-05,8.217791568621641e-05,9.6535617934666e-05,0.0001413220216652141,0.00013520381360771538,0.00014833061494028097,0.00016331248355755092,0.00010481867329420607,9.245406394444004e-05,9.055508600255581e-05,7.739982128844614e-05,0.0001263820036417291,7.43570939157548e-05,0.0001760821413110777,7.505476601472605e-05,7.183492242790513e-05,0.00013614250997561503,6.637788848530684e-05,0.00010980806927323926,0.0,0.00015260920409828529,0.0001222478848572836,0.00011517100158787154,7.113265092912989e-05,6.67054017946721e-05,7.02687128296065e-05,0.00014833383923861621,8.681583682419081e-05,0.0001447672555990811,9.642932911497566e-05,0.0001482867180182932,0.00012752189977508117,0.00012409821169898885,0.00015842169081992097,5.118057657631778e-05,9.062115087482268e-05,0.0001471369477827745,8.683009588262039e-05,0.00012218412297270988,7.755488271480102e-05,9.26164321245292e-05,0.00013716561115332014,6.470505850578695e-05,8.3005071827466e-05,0.00015631680654858658,0.00011981774508044628,0.0001090390702350753,0.0001019657840668702,0.00011695953210345058
31,9.088256164565845e-05,6.525374833052364e-05,9.021768848209472e-05,7.888738831853562e-05,6.519013265787685e-05,6.585857220685863e-05,0.00015183435498677974,8.742071745871715e-05,0.00013899676070945602,0.0001068412657797252,0.00018100153315299815,0.000153439301211117,0.00019938932701198285,0.00015389309129635722,0.00011755128298344927,0.00019407715683326338,0.00010021085408871778,0.00018531457168056056,8.311833986904527e-05,0.00012238465067539633,8.308437179823566e-05,7.377650276063326e-05,0.00012304351070531057,0.00010252657528168588,0.00013844866131641176,9.920348860195288e-05,0.00020634851007885637,0.00013375727545843243,6.353588423146238e-05,0.0001642893769100694,6.57128008440827e-05,0.0,6.507765823105466e-05,0.00016067390946554255,9.114561389284812e-05,9.414103986633143e-05,0.00015510927109582725,0.0001383917179468073,0.00019641514485873815,0.00016705941142018002,9.518045761339086e-05,8.520552587284002e-05,0.00017543953328569547,0.00015084082335020403,0.00014753446097439738,0.00011920600786605351,0.000122158928989334,0.0001788044666799475,9.978829703394558e-05,0.0001527536821492912,9.786472070730209e-05,0.00013440268612621318,6.573247180846013e-05,8.951038771448851e-05,0.00016635874707554197,7.238114947379198e-05,0.00011811349662817841,7.575201230918445e-05,0.00010167418687966653,7.825263188756106e-05
32,0.00010368141122959793,0.00010119196198230149,9.092901201721044e-05,7.896689458816703e-05,8.58194856824275e-05,0.00011301125348228839,8.492121189614101e-05,0.00015482906482823367,0.00015692562531378372,7.268364314291625e-05,0.00015455978286100066,9.086870498835469e-05,0.00012353663361314767,0.0001083504221123466,0.00023143098222211348,0.00014456306249470118,0.00016259280079721744,0.00017419909231477005,0.00014493997207647779,0.0001273619062030917,0.0001333385370865854,6.480391671914589e-05,0.00017077386022668615,0.0001017533885014179,8.042727538209984e-05,0.00010923115061177653,0.00013206578809395926,0.00012837613752489507,0.0001256092194285126,0.00012458087563397806,0.00014187782111136843,0.00012948030552453797,0.0,0.00014764795957808227,7.529797016490418e-05,6.628286663138123e-05,0.00010893604606294597,9.460631355399396e-05,0.00012188553943889582,0.00011707246093389592,6.0832726235598564e-05,0.00020623545696336865,9.377520938972751e-05,9.315418759005658e-05,0.0001038652913753825,0.00011795455524608755,0.00010874532589511655,0.00017346945845469423,0.00012440422710191464,0.00013951380808351126,9.159375072300792e-05,0.0001959359854390175,0.00011849011780099025,7.511866401287861e-05,8.221127663630234e-05,9.816122844347759e-05,0.000104173360061059,0.0001569499680823431,6.22843426569393e-05,6.801558798670551e-05
33,9.631802115906343e-05,0.0001312098768554767,9.752590223863031e-05,0.00015056596511455725,0.00017567387748628326,0.00019864387626668609,0.00018172868817248724,0.00010093435989527177,0.00011587458702427187,0.00017148512157451378,0.00013046882693341745,0.0001220423642964723,0.00012000098977937423,9.467263880986867e-05,7.365090716910688e-05,0.00012792453491118928,0.00011018987264182533,0.00011600300364637442,9.824395362689086e-05,0.00014484782226063976,8.494373848536806e-05,0.00010242374637777644,0.00011241437622512978,0.0002070889148313853,9.319670503901863e-05,8.653796607277702e-05,0.00010160920608324054,0.00014356214982314886,8.684149168713226e-05,8.372357122329318e-05,9.948361207781158e-05,8.429807066036162e-05,0.00014410979933051566,0.0,6.417727321179365e-05,0.00010136801760799714,0.0001256900545508199,0.00015193926669611994,0.00015730175065291075,0.00016173774928229643,0.0001041053135153356,0.0001319292906672964,0.00013969325374309062,0.00012792126193440756,0.00014916235906837637,0.00012491262944886822,8.390026342109057e-05,0.00020387529049385112,6.348788925279552e-05,0.00010463246145571097,6.852055509629269e-05,0.0001526504067919377,0.00014893693852358433,0.00014495333159265434,0.00011370508929274493,0.00010603343872655856,0.00018754158272044305,0.00010145105285544179,0.000138191916991025,0.0001280694384054242
34,0.00015333953512135408,9.340959172796189e-05,0.00010154431534803335,0.00011274488148937686,0.00011934026481906833,7.763084754134439e-05,0.00011384677258950803,0.00012476273554774627,0.00017508481995321483,0.00016811555426416206,0.00013424907962064978,8.363447734301781e-05,0.00011223073750092945,0.00013734595758447328,9.048475591024641e-05,0.00010576748071069824,7.801738221232552e-05,8.558539130281058e-05,0.00013768132280435062,0.00012593865046375043,9.018199323431475e-05,5.9604022028693086e-05,0.00010791657426493198,0.0002182848944977679,8.137853384941089e-05,0.00012078143202238967,0.00011271361611895279,9.316381873115444e-05,0.00012198466083937194,0.00019152016302101307,9.12481657410237e-05,0.0001938796888948465,0.00016221529642480195,0.00013686325669694775,0.0,0.00010620876254437913,0.0001658395328780439,8.065387487495887e-05,0.0001438636992163377,6.48774779740957e-05,7.500532240673296e-05,0.0001496486771441302,6.999335137464003e-05,0.00015967278065947467,0.00016656757828724045,7.540045361462486e-05,0.0001542006508065217,0.00012263169171428822,7.634211564493067e-05,0.00011249259804722742,9.526115789524849e-05,0.00014933708918909725,0.00015230746026302256,8.794650641362526e-05,0.00011345622828140007,0.00016351231416476155,0.00015348378762115742,0.00013849739301807152,0.00014623066723637012,0.00012301423052376822
35,7.713896390218076e-05,7.482878010278158e-05,8.559069959989287e-05,0.0001157359845335453,0.00012131219542617524,0.00010466090533615147,8.692380671579798e-05,0.00010620381021178293,0.00015330863968934414,8.362916805854852e-05,0.00016008520560799132,0.0001078802234721219,0.00017595013371418593,0.00012296864457786875,8.100039341144325e-05,0.00012694781913817645,0.00010452073236461335,0.00011349146326990618,0.0001053979443286045,0.0001268298357959969,0.00013079490927721474,9.438393524501768e-05,5.911703526908977e-05,6.207139022646394e-05,0.00017349079271647538,6.408669845957557e-05,0.00014375629930284153,0.00014114736307087132,0.00014004150110645433,7.632549182507117e-05,9.806448907212952e-05,0.0001175088736952247,0.00011587506480990973,9.081167941732861e-05,0.0001410877539662105,0.0,0.00013070784907002735,0.00014583255205601566,0.00011448095575574117,0.00012129273075332721,0.00015471762941619594,0.00013542326343532934,0.00012649102282290639,9.509662117192737e-05,0.00013991265481845547,0.0001166688208983859,0.0001033413631234889,0.0001750476346308739,9.62184443726221e-05,0.00010617563786980444,6.262806783924111e-05,0.00010270105555745204,6.968624909343713e-05,0.00011104966897028595,9.045651702933763e-05,0.00011116243568663551,0.00013315489247382346,6.0628482710246005e-05,0.00010324679102259676,7.696870071715455e-05
36,0.00012907733907092158,6.553557376199289e-05,0.00010248418402892485,0.00013450299556688085,0.0001895133126992752,7.956762914795383e-05,8.788082659692886e-05,7.477173354902161e-05,0.00012557245894042793,0.00011913816447716774,0.00010854364690253913,0.00010660890938355933,6.669106170099126e-05,0.00012674891223430043,0.0001633654914872988,0.00017628577422729944,0.00011804336365339598,8.754674131239007e-05,0.00011606962770418479,0.00012708781019843925,0.00010848457362738908,0.00012640549524520108,0.00010938413251046352,0.00012363855913325624,6.173617803289922e-05,0.00015393913428637896,0.00016606165388311278,0.00017411190053019004,0.00010743587945255625,0.00012419985061696602,7.116790468300211e-05,0.0001395827387898931,0.00015097052855056069,9.993463727418132e-05,0.00010962851264344836,0.00011615282355380376,0.0,0.0001875689668684082,0.0001283429276634076,0.00011580610145937929,0.00010084766510161658,0.00010107688637006212,0.00010380524739439658,6.472590536926197e-05,8.913448797796357e-05,7.746949627593525e-05,6.998733334235673e-05,0.00017515568563570742,6.571564152310901e-05,9.537674414854543e-05,8.805098186529039e-05,0.00011130972398067439,9.911160295238238e-05,0.00010181772601708469,0.00016497014797815625,9.8417347091903e-05,0.00014128705640150112,8.677708161739104e-05,0.00010270729333124496,6.812119490622126e-05
37,0.00011789503712676848,8.169900833582135e-05,8.836874062899152e-05,0.00010581119973027154,8.27161439568289e-05,0.00012522888822006378,0.00017618681695977364,8.36409440198776e-05,0.00012370530271884898,0.0001251004384653646,0.000156484291958843,0.00010682925344840593,0.00014413475914418556,0.00010876009446283004,9.181424107346001e-05,0.00015987660915642895,0.00012094321050658452,7.17545556315327e-05,0.00010893664845649225,0.0001403715319696506,7.567335383713106e-05,7.946758353722019e-05,0.00010938954559892148,9.697834771197265e-05,0.0001550634746577264,9.563387504191483e-05,0.00012858638409903622,6.671187246819344e-05,9.491762471119053e-05,0.0001306638465261809,0.00015348486952354958,0.00014735459179052114,8.173387083715592e-05,0.0003421539484002835,0.00016427503865997525,0.00010614183435048936,0.00011070253283449701,0.0,0.00013785559468385719,0.00017303325014235432,0.00014800230177840676,0.00011781092147462215,0.00011315363099668274,0.00013123174024360208,9.320390095193877e-05,7.04293842342854e-05,0.00010767318712231794,0.00016411934447627756,8.042941224440303e-05,7.581810450778475e-05,0.00018231673998651124,0.00012100375765654595,0.00013668816249934508,0.0001236186931584167,0.00010690244829068487,0.00010157431032615884,8.919031694345017e-05,9.697557301134853e-05,0.0001461851347894632,7.382318330156993e-05
38,0.00010866529614284248,0.00010585213279149907,8.432655119430978e-05,0.0001873578934274768,8.719480668563132e-05,8.023195301890533e-05,0.00012266502195620329,7.853949474416094e-05,8.264816537427379e-05,0.00012974094086791238,0.00016837022455102373,0.00012112098176004439,0.00012137247896747467,0.00011994519509916308,0.00015973267888310058,0.00011128345883575442,8.372952445583692e-05,8.042514093757884e-05,0.00010308539345328575,0.00011764511615528514,0.00012893468659469227,0.00010548222407999465,9.91431756135896e-05,0.00014459635499975104,0.00016543022211616427,0.00012493174436719844,8.379177481473648e-05,0.00018536185014539456,7.19381166603779e-05,8.787883330569015e-05,0.00023519526807859947,0.0001452895639097354,0.00011345417113624594,0.000160978497641097,0.00011731631074180872,0.00012745050240997764,0.00010991272517580074,0.00010265132963101465,0.0,7.092579118741588e-05,0.00010505055971163238,8.185754366732341e-05,0.0001164307018166694,0.00017911912823978746,0.00013833138139404674,0.00013290602719714278,7.355703481913901e-05,0.00017213396201303248,0.00012373481740766886,0.00018206235627998152,0.00019608047994729692,0.000127611907162094,0.00015552234217830558,0.00010688852287505963,9.877635535974826e-05,0.00010624342310713495,0.00014785993336473424,0.00013348755226501668,0.00010429415890222065,0.0001378009698725583
39,0.00010294068535503359,6.219932433645272e-05,8.734443148388292e-05,0.00010580726261774007,0.00014578493636059286,0.00012105861121923604,0.00013824125643287588,0.00013878846897045352,0.0001150885510437868,8.386521243364989e-05,0.00014180965075336283,8.192305622043173e-05,8.371732775281267e-05,0.00013938994836624056,8.963661417671905e-05,0.00012559903268955587,0.00011322560557083852,9.646203310652898e-05,0.00016145013635365772,6.264899701435867e-05,0.00016720986564769605,0.00015927655903681895,0.0001003789154910817,0.00011330466697588466,0.0001676340316020924,8.774624688004291e-05,6.222921724148804e-05,0.00010313364984697119,0.00012822818410253856,0.00016261099745733812,7.142668966998902e-05,9.901854113962496e-05,0.00013703145796769631,0.00015191312959382883,7.825148992472963e-05,8.239309693617275e-05,5.6976226708804166e-05,0.00012037710510284699,8.945068662272021e-05,0.0,8.046715620147417e-05,0.00012647505933583876,9.09819858780527e-05,8.476074061513893e-05,8.778217103298535e-05,8.304917756491741e-05,0.00011550739327687183,0.00011033198721274936,0.00013225674869019906,0.0001141912594439013,7.137444916789718e-05,7.436855391268452e-05,9.890226785788105e-05,7.714688140936854e-05,7.19830554256779e-05,7.764755624436896e-05,6.612581111454073e-05,0.00010157251316826004,0.00019138644328078698,9.798656929693938e-05
40,0.0001134433977498944,6.187938024887137e-05,0.00011382876242000024,0.00012161274516492541,0.00011403789056575572,9.695664764967788e-05,0.00014930235125348057,8.02947087293467e-05,0.0001154796566994196,0.00014945398739898595,0.00012212717976785282,7.116858765953561e-05,0.00013605863813016177,9.184247675500595e-05,0.00011316241264594333,0.00012424876812227722,6.238517395422762e-05,0.00012125798621602583,6.0194895718837053e-05,0.00011876474537645751,9.463306070031935e-05,0.00010990274529148721,9.707057164154653e-05,6.682816817562133e-05,0.00014832481913761462,0.00010235278857314684,9.179564909108265e-05,8.121874036938285e-05,0.00024197299337643555,7.144046795236754e-05,5.991929045959557e-05,0.00016528906017578907,0.00013864362403217224,0.00017368018965226216,0.0001310768079052206,9.688053592051509e-05,0.00011572066923766532,8.158585497660762e-05,8.412986784506245e-05,6.646041521483084e-05,0.0,0.0001062997415491125,0.00023712793811723454,0.00016983889106353555,0.00018016814851320583,0.00011759072625381856,7.604911459382689e-05,0.00010676660864224405,8.625079658342186e-05,8.895450635807894e-05,0.00012102146050455221,0.00010150094699978153,0.00016480852011494803,5.864023472036973e-05,0.00010240700498351701,0.00010685029043010437,7.4307028008703e-05,6.261563296097627e-05,8.856553576809816e-05,0.0001393608294218063
41,0.0001156498161034885,0.00010645784687827598,8.400331937306227e-05,0.00012289393017379604,8.265416775369039e-05,0.00010974438594474201,0.00013238943932264416,6.98208591020213e-05,0.00014699458841108262,0.00012290551174995353,0.00010407582294995597,9.524917231541536e-05,0.00012766083112569277,9.22988629486279e-05,0.0001298802962816955,0.00018742702374998892,0.00011985691045865263,0.00010332532217172616,0.0001182060158883671,0.00015122058540715199,0.00012249347072811677,7.422466706073824e-05,8.363490584544029e-05,0.0001289076561763364,0.00014109243122533728,0.00013767521892754496,0.00010582710750620648,0.0001761244957496603,7.771327599527859e-05,0.00012983724355921582,7.422963924189779e-05,0.00011186057299556918,0.0001986373312442165,0.00021374397578186882,0.00010124134325735536,0.00012854742326035853,0.00015757027613527794,9.835569557075329e-05,0.00013642934474702523,0.00012854900452622813,0.0001129861752234961,0.0,9.789665873062936e-05,0.00013460769380625954,0.00018740177716778975,0.00016394431898244234,0.0001184300063355138,0.00013694851350248106,0.0001634561279213253,7.1792864568758e-05,0.00012017070966432678,9.547891090426393e-05,0.00014944327523699338,0.00011166318229289915,7.529482519060545e-05,8.653891941447219e-05,0.00015132063303276304,9.687413968590043e-05,0.0001160558371681618,0.00013972170325422643
42,0.00010704165911593381,9.348780360657538e-05,8.173202314611997e-05,0.00011782640171909102,0.00010494290203075574,5.752470434321377e-05,0.00010407484257247801,9.276515650170805e-05,0.00012941106849155435,0.00010592112150118443,0.0002246060679946549,8.653050304671469e-05,0.00016666857173236186,0.0001390213943029433,0.00014420895247052072,9.962239166937383e-05,0.00011164921521352865,7.650897710155302e-05,0.00017580129951422154,0.00022646014657185632,0.00011386099050824956,0.00010025705530418349,0.00027069427320410575,0.00012011438146976243,0.0001052431391106887,0.00020343839203304309,9.251957179113203e-05,7.837893315383071e-05,8.342126247506137e-05,0.0001429397260929001,7.215258728015948e-05,9.964934848136842e-05,8.952238795698876e-05,0.00010144669368388893,9.713607603054776e-05,5.745549430991439e-05,6.508933884342367e-05,0.00010662674831055865,0.00011060806154588461,9.800307006455053e-05,0.00011177401375201688,0.00013364452306110735,0.0,8.186080459521853e-05,0.00014457665959848105,0.00012874141023029383,0.00012833188696592717,0.0001268764462648441,8.673799441714128e-05,0.00013734842942201336,0.00010129589230532224,0.00011990232079883676,0.00010524323687582062,6.904903820938609e-05,0.0001290947536397372,7.377957054462084e-05,0.00011549265483953761,0.00010031408563502146,0.00011461571439229211,0.00011925529293204355
43,0.0001597338277500307,9.477531199494332e-05,0.00011463096609085208,8.700340076597408e-05,0.00012209591567948844,0.00010772302070975239,9.454668541205529e-05,0.00014393777116997268,0.00016718257589277497,0.00014283429275567189,0.00013118901609923794,0.0001524657276175867,0.00013789246167862675,7.637285798042922e-05,0.00019058678375036912,0.00014664110347527057,0.00014215181477090675,8.53239323192073e-05,0.00013577282263017761,0.0001881400042669597,0.00010522637929285251,9.534892187678461e-05,0.00010579068717724497,0.00010475764767420252,9.76500779607054e-05,9.84362304643294e-05,0.000139840093499277,0.00013936697524582567,0.0001682939070634359,0.00016109098569557623,8.62065743016754e-05,0.000124228431867684,8.239833249994367e-05,0.00021794069916440166,0.00015203402551769327,0.000134423294432756,0.00012110042645688871,0.000123491412712983,0.00011154721875729691,0.00016438776115864823,7.947136181479438e-05,0.00012224951620144498,0.00017061283599299076,0.0,0.00012346993110257028,0.00015064775109833615,0.00012067125132217024,0.00014271522240556374,7.80586346436232e-05,0.00012969030987812166,0.00010109290357119451,0.00010742443234298653,0.00011184753453347625,0.00013637719898347496,0.0001237112376817332,9.869840906196115e-05,0.0001616869112578455,0.00013636386231625938,8.520506883116375e-05,0.0001341747174145363
44,9.223646210414575e-05,8.316082882155696e-05,0.0002092675882919284,7.886708836555316e-05,0.00014428130574198705,0.00011909476700221323,0.00010586536418237373,6.679593905846775e-05,0.00018324893159124003,0.00011025014477418314,0.00015139924046432812,0.00013586324968466423,9.238909214005596e-05,0.00018194641237381746,8.856391381918146e-05,0.00010600673383650071,0.00012980951350497207,0.00016084410867267258,0.00014283515582699617,0.00012099058060469729,9.980688230490768e-05,0.00013462431613129092,0.00014312010561250214,0.00010025922728797027,0.0001129381931398851,7.924715777950041e-05,0.00015745123729084327,0.000129071070144778,0.0001719272931423229,0.00010502819599007955,7.500495476950303e-05,0.00016029242017157394,0.0001399241512115666,0.00012494461666453054,0.00019682615306853142,8.651011115932556e-05,0.00010430284616213587,7.678612842003545e-05,8.165869408968592e-05,0.00015407383246065834,9.823817932981837e-05,0.00010532046751327961,0.00017933889852695862,0.00018553043142258155,0.0,8.257075153477937e-05,9.553285472665503e-05,0.00016232774215391838,9.429920165806432e-05,0.00010385614233890045,0.00012146577474748314,0.00019977233724703775,7.4084528958765e-05,5.5261190075879784e-05,0.00010292986500790782,0.00014638234266881598,0.00019208308333782835,0.00014077590120721163,7.76147440199361e-05,0.00014863920137709786
45,9.870211482481455e-05,9.022338422966524e-05,0.0001406420083143489,0.0001162126660544263,8.030704856769322e-05,7.105786637142182e-05,0.0001150822656062048,0.00013429125997766898,0.00010170170666108836,0.00015913937870320772,8.31964012314849e-05,0.00017117784466541279,0.00010155991326747458,9.757496244780823e-05,0.00012902916370990987,0.00012627507044273286,8.256466368654518e-05,0.00013349236300056586,0.00010321900530655834,0.00014286202921380756,6.431229199952084e-05,6.337014292795953e-05,0.00013394642390715408,0.00012502850761255554,0.00010989584388993271,0.00014910200572374095,0.0001263531550901151,0.00012303497303521265,0.00019246412373791807,8.486353738224129e-05,6.663204546359981e-05,0.00010468524104281954,0.0001393647590000148,0.00012047093059667125,8.405246660888487e-05,8.897382215446276e-05,6.102741062913262e-05,0.00012048657483807768,0.00011514998674957299,9.013708114471895e-05,0.00015415273482096114,0.00011051180356450724,0.0001926342036444652,0.000142911678129758,0.00010758399913030436,0.0,9.481096290173317e-05,6.591523190779473e-05,9.620229860555864e-05,0.00011112519623883122,0.00014390499288408084,0.0001655915007467942,0.0002124805418511839,0.00011783568097968757,0.0001648217508057318,7.4510404293691e-05,0.00017267040723354578,7.604976654672145e-05,9.967797795592035e-05,0.00012577540522788576
46,9.875373894715652e-05,0.00017308580935560813,0.00017209064645236843,0.0001440403476548112,7.869089258163425e-05,9.316816095722819e-05,6.888251280614028e-05,5.277360838892846e-05,9.737416475320471e-05,7.93007293021317e-05,0.00016275919908411096,7.62883607807294e-05,7.86962094582122e-05,0.00011224531963305935,0.00010053206544228937,0.00011548362424323087,7.76397925112568e-05,0.00011809630238883515,7.75119908643069e-05,0.00016055623982202122,8.918700218120868e-05,7.795868732925464e-05,7.097198717871679e-05,0.0001012797384848278,6.540601897485205e-05,0.00010081662147525542,0.00014205552369369665,9.799430768772133e-05,0.00013692927103231786,0.0001280233854146158,9.898029889015592e-05,0.0001656878051200807,8.335248809110104e-05,0.00010631462393149897,0.00011955565207667086,7.034172379217376e-05,0.00011273151445068381,0.00010599061119542689,0.0001143657942464492,0.00012327069939508495,7.855659650481864e-05,0.0001811132297086097,9.636150151851225e-05,0.00016989198405992974,0.00011168403070722756,8.810058294778787e-05,0.0,0.00011366715828577503,0.00015922933044286452,0.00013574128533074334,6.440450512465547e-05,0.00012401233656938703,8.274076924923996e-05,7.651654274770142e-05,0.00011955440018263063,0.00012272406302633388,9.133983279610366e-05,0.00012143799632580271,9.669309185121518e-05,0.00016660827986486737
47,0.00010085732241775863,0.00011902792849518523,0.00011184773819078667,0.00012579844520268314,0.00010498091591260436,7.519659668892448e-05,0.0001200231692213179,7.751029852843351e-05,0.00015109206876070774,0.0001162770001533574,0.00015513889545457987,0.00012847833802789166,9.336530218805289e-05,0.00017897294155251866,0.00017449565393172663,6.69463720236217e-05,0.00013305474388124278,8.528625120948836e-05,0.00010114171264497337,0.00011849850331621968,9.851161505862842e-05,9.999697743617186e-05,8.039286479974897e-05,0.00012213269077139113,0.0001116575252726532,9.79330901223994e-05,0.00011968212772582903,0.0001157386706919906,0.00016383064571061023,0.00012241175801495466,6.334216385297325e-05,0.00015368582352139195,0.0001313364101489125,0.00012408475747514668,9.862854198944291e-05,0.0001839874643445695,0.00015177419040611118,7.809554962418323e-05,0.00014802137798808725,9.99267275425512e-05,7.044132542434368e-05,8.425843897373801e-05,0.00010501387640217776,0.00017511439045887428,0.00019840104215000266,9.123552280775197e-05,6.70352802819797e-05,0.0,7.725285467241784e-05,0.00010192016962297311,0.00010209417205796048,0.00011866853221033313,9.867282267697806e-05,0.00012879566402700403,0.00010120781409616693,6.689823104789392e-05,0.00010267804557124506,0.00013617767837093283,8.633398749880975e-05,8.921100193275173e-05
48,0.00010085005158596168,0.00014697224704467296,0.00013715204002105776,0.00012064962800921801,0.00012450116003534945,0.00016798166379351705,0.00010965800603702408,0.00012102460686133153,8.726218018975935e-05,0.00012866911842505723,0.000169946912176211,0.00015567663755663695,0.00015973484000230895,0.00012598369171031273,0.0001473563935276665,0.0001806372399042328,8.66399020385864e-05,0.00011780154184905578,0.0001121023688883187,0.00015811751238821009,8.630167241527124e-05,0.00010373940024309286,7.814223985455215e-05,0.00015108049073835178,0.00013724456927009587,0.0001304286466078682,0.00013984905871316977,0.000125635286653704,0.0001383181884415654,0.0001073412899244266,9.702319427137772e-05,0.00018606800854066281,0.000127291430330195,9.459271304329741e-05,0.0001253312832483116,0.00020421169802076146,0.00014168672233385188,8.930660714750228e-05,0.0001346498596368373,9.226931718028695e-05,8.546463172781597e-05,0.0001308425956060589,0.00010939773246271126,0.00012883478004921886,0.00016471573105714113,0.00010191656366112701,0.0001440510625478133,0.00012386855314914318,0.0,0.0001221657942093254,9.704474105137078e-05,7.687557156505731e-05,0.00010636854801103093,0.0001639390132135371,9.074960676787735e-05,9.390136695425852e-05,0.00012945220465502926,0.00010238569087082672,0.0001425035168890355,0.00013877875295912766
49,9.771125686106615e-05,0.00010278028845011685,0.00010119683424224253,0.00017283278744714722,6.992009470865781e-05,8.615600138790232e-05,0.00010519757958981496,6.633316369586167e-05,0.00013880928857346956,9.108723090421046e-05,0.0001376709180914863,0.00018656128547458792,0.00010471644859737945,0.00014480270023084087,0.00010086239322442588,0.00016025500312447083,8.541726243101034e-05,0.0001356015781880735,9.298274888147629e-05,0.0001860821396353664,9.206563196302552e-05,5.897794754444948e-05,8.81128850311529e-05,0.00011701836276584892,0.00011647329009282153,8.199868054006957e-05,0.000115014707935512,0.00016435543908116247,9.412712630739482e-05,0.00010150475780377014,6.833729057789486e-05,0.00010047088837004717,0.00010489303591429695,8.182593391961568e-05,0.00012650809348318894,0.00012854121701641114,0.00017973837462374097,7.813021055764269e-05,0.00012511254279429977,0.00015034666490964794,0.00018604015252484578,0.0001149700465642243,0.00016213168280055208,0.0001289423570971352,0.0001491035342542342,9.740038461752356e-05,7.061910181433865e-05,7.494132592341723e-05,6.711083363158568e-05,0.0,9.41451322862922e-05,0.00010555540880628052,0.00013102341475470258,0.00017351046609280978,0.00014809616076154938,9.882768954885459e-05,6.707511967301991e-05,9.859015219989616e-05,0.00010104284008553262,7.917014672204236e-05
50,0.00010776836649991561,0.00011177304468988352,8.831187604653356e-05,0.00012554050681498597,7.381220396325922e-05,0.00011933116776724022,0.00010039212447453865,6.4783929415545e-05,0.00016096465916910449,0.00010966675578094402,0.00019056553657188427,0.0001157370969829124,0.00015652532506274094,0.00011989907135477387,0.00013985829126324478,0.0001880057825365744,6.659859737798589e-05,0.00015975227693606182,0.00011170688226423295,0.00013388356425488284,6.871492121463691e-05,0.00012070295839754498,9.779798683728768e-05,0.00015402520375576355,0.00012433106386158915,0.00015237775269706397,0.00017041489526354136,8.274535360978759e-05,0.0001047671691195364,6.671752192813602e-05,8.340754004403034e-05,0.00021506712948739313,0.00010401727555891629,0.0002227486683012544,8.408930973462079e-05,9.582388350666149e-05,9.782668619907375e-05,0.00012692992614426755,9.963523505917756e-05,0.00013244228922708835,0.00010867298639876623,0.00017745856338228572,8.694120644750803e-05,0.000108592799199649,0.00011942567665588526,8.873211205418032e-05,0.00010357108291237267,0.0001299750066729736,6.924972090263159e-05,8.541412769578748e-05,0.0,0.00012184430733985269,0.00010842564674943799,0.00011648952424207479,0.0001590029753834994,0.00012357831610720918,0.00013489868600877704,9.659480902551798e-05,0.00010548037202481842,0.00013990298918987968
51,0.00014016885060854302,9.001672209178503e-05,0.00013038610758787315,7.670122048909588e-05,9.497816895332008e-05,9.047146454917618e-05,0.00016464797412507707,0.00010710404873827313,0.00019945227837858372,0.00010347090733484679,0.00019442006188846533,0.00014025631811587257,7.806964061519873e-05,0.00018235659059590343,0.00017284173904695958,0.0001397353737499167,0.00011262674829606427,0.0001498594832221156,0.00017184841077035954,9.401026561318538e-05,0.00010884087829408263,8.432451734523729e-05,9.591219125619887e-05,9.456210190455785e-05,0.00012378417809286827,0.00010231497516009296,0.00021923163026481705,8.242303653062204e-05,6.217235461898763e-05,8.407285458830609e-05,6.30493538059067e-05,0.0001248368562415043,0.00011467116490728188,0.0001360508408655833,0.00011928148382451632,0.000138209186290385,9.477625731612032e-05,0.00015802293689620424,9.317785801045937e-05,0.00013402541491797874,0.00014318308789442182,0.00012355021200495783,0.00011412968331862989,0.00013217657011723192,0.00021003904707879542,8.27088498123782e-05,9.906426676825882e-05,0.0002183713442252313,0.00011085213349815928,0.00011848390639858914,0.00010852061823166908,0.0,7.750635708655829e-05,0.00012506803600043586,0.00013254536671212093,9.805169212487994e-05,9.3479588388987e-05,0.00013037771819568482,9.947421826280315e-05,0.0001650309913480549
52,9.411196762873947e-05,0.0001559917526442915,0.00010890963000998393,0.00020886435455019924,0.00011065319047216168,0.0001002211953634339,0.0001328375539195121,9.179308333083731e-05,0.0002426652602409496,0.00012232855868750555,0.0001271565234043038,0.00012086694378607745,7.597633008993028e-05,0.00014943567445861963,0.00015112410869083735,0.0001636083210402332,0.0001510349078423876,0.00017607181192552443,8.423952906958909e-05,0.00015551731485913975,8.105156034867694e-05,0.00010836264063205271,0.00011315332206829484,9.005651819548231e-05,9.119396051753055e-05,6.800123677693394e-05,0.00010484052303461291,0.0001538298430261678,0.00011097276309570149,0.00013544568478977658,8.115333716409099e-05,0.00010622704965611422,0.0001026836033147703,0.00010885792052925734,7.096996080161485e-05,0.0001354248369315501,6.686931507140777e-05,0.00011363940896823658,7.176706378915653e-05,0.00010154209477687767,0.00010860895014629164,0.00014501685821005343,0.0001861472606611433,0.0001964097709607315,8.573756751381864e-05,0.00014253922513558147,8.773440158641816e-05,0.0001107377047548799,0.0001826038949238445,0.00014422758079989413,9.282401680547725e-05,0.0001857319166990998,0.0,0.00010331022382595476,9.639697323253985e-05,0.00012355148456451239,0.00010864729540380598,0.00012411438400241107,9.129198166872151e-05,0.00012628580820649312
53,8.603627761663701e-05,9.409357316457167e-05,6.79055777482949e-05,0.00014499379684760732,0.0001244324199564092,0.000117642898374152,0.00014458829352560786,0.0001034400683067353,0.00014138476023089775,0.0001954967116125402,0.000129060089479877,0.00011875154697694718,0.0001441967058012312,0.00011096315246415708,0.000123928460068663,0.00011727012849938845,0.00016625332935798852,0.00013205678161438132,8.87347994609197e-05,0.00011969483847809011,0.00013131886604959915,0.00015244900865973114,0.00010007332559686975,0.0001319456826406066,6.213222300734083e-05,9.206170416036564e-05,0.00018396990273887925,6.292714254573142e-05,0.0001823396196919491,7.564738800674882e-05,9.85971277804523e-05,9.988494850242929e-05,0.00010026514311792035,0.00011334436170978822,0.00011739357576890714,7.133693659218542e-05,8.375846764915262e-05,0.00013429448791587906,7.611068190423535e-05,9.262743870814451e-05,7.35576873182321e-05,0.000112205667717456,5.343656992491238e-05,0.00021531835882204024,9.674289760827902e-05,0.00013996893473347066,0.00014696915653303758,0.00012402176691290355,8.875352514959911e-05,0.00012003197403066869,0.00011730695738156575,0.00011062313596943192,0.00012961658356932658,0.0,7.215241718623979e-05,8.134934432986335e-05,0.00010257497799145676,7.9584208730695e-05,0.000129302501756303,6.86954635291699e-05
54,0.0001844415473086482,0.0001668563172697341,0.00011715121778850632,0.00013063045348639472,0.00014358310057118888,8.808843790289431e-05,0.00010097112132903209,0.0001690827313439907,9.947094437754403e-05,6.623510536397207e-05,0.0001617782470608887,0.0001522342837751181,0.00016659990320925516,0.00011521309563745876,0.00013560363987307543,8.707453585477865e-05,0.00016484949040890357,0.00015457287638689007,5.6348219383605076e-05,0.0001416895672251447,0.00011220232750006749,0.00011506028144907631,0.00014810702365704407,7.430523159948761e-05,6.420856016294292e-05,0.00013612510495200476,8.922842082658108e-05,0.00010133858383235973,0.00011460648888847767,0.0001430961236184385,0.00011576146686577989,0.00020753953149204535,0.00010750031390357807,0.0003171235156141595,0.00014128848130114992,0.0001303655850610627,0.00011643632114955215,0.00011140455550134504,0.00011159030686250068,0.00018359472737046744,8.262631715474975e-05,0.00015823260395031238,0.00013533519670435288,8.749186655480197e-05,0.0001061194700801061,0.00012888070747514943,0.00013669725486519383,0.00010823597755857196,8.10838928482565e-05,0.00011476013591217604,6.885218308481543e-05,0.00011584249835298278,0.00010226160092860762,9.834660981253468e-05,0.0,0.00012398448629909775,8.634792091631925e-05,9.817487591181621e-05,0.00012096165804030066,8.555701146938627e-05
55,6.218468550112884e-05,0.0001387225110802434,8.377407292102814e-05,0.00014989276542679684,0.00010783722952108137,7.810595128134074e-05,0.00018774512949877389,0.0001861410392106901,0.00023674777879209753,9.626475175467857e-05,0.00010727603706707641,6.760144339240608e-05,9.281753765725947e-05,0.0001350547796143564,6.74816709259927e-05,0.00018033253391830893,7.073457871965135e-05,0.00010863849566379203,9.187039577008696e-05,0.00013377168454596308,0.0001108519095713222,0.00012440067829174397,0.00018058613197120875,6.762002104770589e-05,8.193676660460537e-05,0.00010730895407451814,6.292008477087774e-05,0.00022113254694796632,0.0001345766303780291,0.00010541782150743787,0.00010303754002650018,0.00020095824118138112,6.005760467634538e-05,0.00023576083654686396,0.00012281524727826665,0.0001661947518541912,7.685056628424119e-05,0.00015142154636533944,0.00011902971192093845,0.0001109220165208097,7.28531292561869e-05,9.910959169870974e-05,0.00010013370207203674,0.00011425829293986621,0.00013215088872003624,7.672485683494937e-05,0.00013195272424635013,0.0001213976176475915,0.00013750528592740098,0.00018875382834463616,0.00014153722591417627,0.00012100271174391725,6.589198516202678e-05,8.214110300875418e-05,0.00013014729375772073,0.0,0.00014083440583348173,0.00010973959440005027,0.00014546758832291917,7.352603535305198e-05
56,0.00014236517910683728,0.00013972982005729857,9.95958353957309e-05,0.00015251844691963263,6.778370193858813e-05,0.00011020619644923078,6.93428249698546e-05,0.00010032041026667625,0.00015488562405626484,0.00012113428097956321,0.00018683461246114187,0.00010618908898797635,0.00011445006307979271,0.00011420270521339482,0.00013440671290704248,8.406198655522278e-05,9.963538107902746e-05,0.00011871604012985673,7.884724085898183e-05,0.00013562145186505367,0.00010996062276315657,7.41729118369124e-05,0.00011393124676186218,7.537498509111816e-05,0.0001124700294640552,6.615241284453754e-05,9.72635301431509e-05,0.00011965201647585769,0.00010230494172770202,9.815750945744799e-05,6.311214137358364e-05,0.00011570547392797686,0.00013126098826196086,0.00011861180018638905,9.886719661133344e-05,8.612957054088061e-05,0.00013592444013198993,0.00018614772128687344,0.00011832390867913894,0.0001455670406944058,9.191725818888062e-05,0.0002004689151629915,0.00010640661648950933,0.00012255948047504306,8.802740639259265e-05,0.00010868608817246485,0.00010085561563307995,0.0001441794543523199,0.00011763765363593009,0.0001188170751062376,0.00012635503169104598,0.00014324739242077683,0.00011023732411173296,0.00010272802782581881,7.902297845657629e-05,9.166721919840573e-05,0.0,0.00010993334674966154,0.00012085280156358608,0.000144946508127337
57,0.0001504962975731975,0.00013035548727194444,0.0001153772583477976,9.477416645777324e-05,0.00012541686527853816,5.8327338107545934e-05,0.00011442596355805366,9.287675482425073e-05,8.953080756107071e-05,0.00019131152268016705,0.00013644869806877464,0.0001605454403288776,0.00010303283016948448,8.118792800290238e-05,0.0001316208092354543,0.00015303229965962765,0.0001912430575872885,0.00011957653184181493,0.0001109990844489399,7.766109457745772e-05,0.00011039727001162164,6.761222388637506e-05,9.455809003567355e-05,0.00012069915630520576,0.00019290578634998193,8.115995951890537e-05,0.00021970753989228648,8.321791640411203e-05,8.73850306375514e-05,0.0002082652057016567,0.00011185050509135385,0.00010339814787781476,8.914071430239129e-05,0.00010446308540588554,8.368492015818311e-05,7.255097098687574e-05,0.00010950461398947866,0.0001231342207251035,0.00010461856972040961,8.68429568139266e-05,0.00011170330410531531,0.00015914145325512648,0.00018748307793220274,0.00013063574427766265,0.00010705841247829581,5.224918738906505e-05,9.852505984695074e-05,0.0001759234781367792,9.124016337009919e-05,9.621762243849452e-05,0.00010419269443950298,0.00011395778091672959,0.0002044341518505149,0.00014887405734677467,8.249585238849808e-05,9.682865013045795e-05,8.977888850444425e-05,0.0,7.189126573912117e-05,6.567245824096297e-05
58,0.00014640679997899198,9.442276256682667e-05,0.00011775456745886626,0.0001747421130591805,8.785836235214598e-05,0.00013028308479124065,0.0001286303351547612,6.494400160636408e-05,6.616214778750705e-05,0.00010793804299661812,0.00014440757364480168,0.00014177293414491008,0.00011693431111029923,0.00016984584567913993,7.237966605362478e-05,0.0001608022266907825,0.00017959054374059222,0.00024020711479997908,0.00016681696638099814,0.0001530078911483061,0.0001298783997348923,8.711459267202228e-05,0.00013173356930647597,0.0001445923122477288,0.00017154614929256533,0.00015100866195751756,0.0001218575791783527,0.00017155688642575968,0.00014338446996169728,9.791967494725165e-05,6.994951977174088e-05,0.00010929938977908353,0.00011100307972629124,9.896262538815235e-05,0.00014453699655803004,7.210414217872035e-05,9.810192969951762e-05,9.43304488357714e-05,0.00015750541842579998,9.95559222039358e-05,7.114265133241064e-05,0.00010350196220555015,0.00012025599420947297,0.00013578841993527505,0.0001349284810221149,0.00011131463548274017,7.8438275149326e-05,0.000189764421089403,0.0001100726578325306,0.0001138487272042505,0.00011001278973296934,9.669264663893837e-05,6.822543104293947e-05,0.00011861860490552478,0.00016277986814140408,0.00013618248453917584,0.00013212933031706443,0.00015542940897777347,0.0,0.00014280793309784238
59,0.00011874865710382846,6.574955782622836e-05,0.0001356513089805625,0.0001411683433746448,8.571525244194413e-05,0.00010007730760207143,9.842986072812907e-05,6.731477887824689e-05,5.674089929165917e-05,0.0001733559138700061,0.00012065436791570474,9.596969433260134e-05,0.00010607707716448569,7.515967077973975e-05,0.00011112454131417029,0.00013730311758185568,0.00012865096359118428,7.300012405009661e-05,8.338623538760873e-05,0.0001825025957635798,0.000163176265405043,9.684857047836902e-05,9.393618865850345e-05,0.0001692582731999839,0.00010649811135356607,8.00652299531262e-05,7.135252921550116e-05,0.00012283728310366734,0.0001998662267471173,0.00011530738001766,0.00010783593054471287,0.00016107863860374212,8.903436475675165e-05,0.00010832572250955596,0.00011711774642194572,7.345081872185052e-05,0.00011655476917195383,0.00010703396516431837,0.00013485579868428434,8.35307623428514e-05,0.00010688122988645664,0.00012983966140187115,0.00016553203780974793,0.00010456631522896077,0.00012998978788832748,0.00014357019996112888,9.988891882047943e-05,7.601694184718874e-05,8.445144150483723e-05,0.0001304728264089875,6.559584190357215e-05,0.0001935811633455221,0.00011339191888528259,8.664897232423256e-05,8.166132243325073e-05,0.0001136223184947741,0.00018157640487971328,8.811169979931875e-05,0.00014019101738419964,0.0
