,0,1,2,3,4,5,6,7,8,9,10,11,12,13,14,15,16,17,18,19,20,21,22,23,24,25,26,27,28,29,30,31,32,33,34,35,36,37,38,39,40,41,42,43,44,45,46,47,48,49,50,51,52,53,54,55,56,57,58,59
0,0.0,0.0001296778526831819,0.00022727312648749748,8.385702407089557e-05,7.781569222739418e-05,7.049904496477611e-05,6.624986040796903e-05,0.00010475333531073476,9.940512849507485e-05,9.235575276752365e-05,0.0001842988076914285,0.00014672264031130106,0.00013156492260393802,0.00014253786035585658,0.00010211413359289776,0.00011052444858265457,0.00010665302647526858,9.743614843089757e-05,6.84163161200779e-05,0.00023623018748808032,6.684438341711824e-05,8.062637112000133e-05,0.00011494219018442664,0.00012434256564410786,0.00011945513957004643,6.657342957715007e-05,0.00021839119787659582,8.403021427692408e-05,0.00011189895157091071,9.747485833379324e-05,6.832762657971818e-05,9.558140686938855e-05,7.528548344552714e-05,9.702328428452453e-05,7.539461204262583e-05,0.0001777036339310043,8.497422130224926e-05,9.686426790221398e-05,7.944363993200979e-05,0.00014626062602053413,0.00012539056027725278,0.00011844834901943742,0.00011286907380332117,9.641399259523673e-05,6.547884441297441e-05,0.00012425868836645352,0.00014263431469476386,9.817632582077252e-05,9.902161770068018e-05,0.00010181051670499891,9.389271683023799e-05,0.00010624941695115214,0.00011646234728403977,7.980143754360412e-05,0.00011987040922869461,0.0001518187403691226,7.945528868756714e-05,0.00013128910523331366,0.00011903493737916113,8.868777170888457e-05
1,9.429155136207925e-05,0.0,0.00015867828540589595,0.0001069633361737832,0.0001071737243069502,9.71398209542202e-05,0.00010934198839126264,6.786257093549548e-05,6.497264713570318e-05,9.557153513897997e-05,0.0001771538600956102,7.445806902740449e-05,0.00014806272248834172,8.207657834676449e-05,9.522752280844062e-05,7.315232375069573e-05,8.680496761952577e-05,0.00013105977868751653,8.208328065705449e-05,7.666642837867882e-05,0.00010280550024008823,0.00013573946379108958,0.00011755413417466249,0.00012742774042865973,0.000129226820781817,0.0001247646755229896,0.00015832704991215516,0.0001218970128885777,8.823496381074317e-05,0.00012568957279055187,0.00010371265022580199,0.00011514473385343445,0.00011526668246400835,0.00010858461286063094,0.00010415413206611304,0.00011393461196136663,9.335939325930613e-05,6.572058128950405e-05,9.88319056350719e-05,0.00013085922192887427,0.00011330262025515128,0.0001186033582000158,0.00016167719793598536,0.00010117865122591956,0.0001752696916820802,9.085707689236627e-05,0.00010128968854794129,9.528412367808143e-05,0.00020006701076857294,6.436237715363114e-05,8.075452461922695e-05,6.274660004943345e-05,0.00011431277819648665,0.00010746581997389116,0.00012059164209012464,9.96668963500626e-05,7.435328031006696e-05,0.000136393188138393,0.0001763780796984729,5.6164151224134966e-05
2,0.00010937744487547395,0.00011336593317612423,0.0,0.0001529561490857931,0.00012270757701118777,0.00013807314064272593,0.00010510893616728751,0.0001406852207205633,6.235416114552132e-05,0.00012979942499578888,0.00012553343434219466,0.0001592904821841171,0.000150460573729411,0.00013332074029601975,0.00012768124335402022,0.0001531736328532447,0.00012449182876180382,9.736225757392723e-05,9.360776721672167e-05,9.724570017209482e-05,0.00010440835275019573,0.0001144062172067868,0.0001214013526929336,8.528709719414649e-05,0.00021254672239910747,7.54508575889066e-05,0.00010378784765023241,0.00010437302313247315,7.05911963122219e-05,9.731316261805587e-05,0.0001409764852739378,8.287565338225892e-05,9.130856865603758e-05,0.00015459712881269968,8.703011044424835e-05,0.00010893570352398707,0.00016344750920433356,7.421418856700324e-05,9.658082300394188e-05,0.000132448520712801,7.811372316740717e-05,0.00019721746273243103,0.00016517583830647132,0.00016083652038141857,8.004719407217607e-05,8.790156097184838e-05,0.00017619003898828786,7.31015366851859e-05,0.00011500216811211645,9.450525879012707e-05,0.00010488567410971896,9.194403678532393e-05,0.00010776242431377546,0.00012777208117462096,0.00013341811245458737,8.518782585311008e-05,6.009964307568465e-05,0.00015312244482822092,8.005457929285867e-05,0.00011398432704313229
3,0.00011581734922436583,0.00015250426848714108,0.0001328875175052447,0.0,8.531662880063201e-05,6.315961912322267e-05,0.00012049869896561771,7.152689808579476e-05,9.310483023040693e-05,0.0001342028869840937,9.55101105398573e-05,0.00016065055107218818,0.00016311656556120487,9.274595595979617e-05,0.00012201801535844998,0.00010400897950592225,7.21775796972206e-05,8.028528500957236e-05,7.152874912246578e-05,8.634063328892123e-05,0.0001294123627738528,0.000175391092696434,8.883231080917974e-05,0.000143842239702981,0.00019650332093697703,7.562528145957263e-05,0.00011138958263125078,9.32248274765388e-05,0.00011146244228631295,0.00011015623762562445,8.04016489539528e-05,0.00010372689893642599,0.00011001592119170971,0.0002130316933354498,0.00011489973204466832,9.300363962282997e-05,0.00016917677404655604,0.00010626763071765852,0.00013535694587688023,0.00012312650648386522,0.00012001623414569322,9.93250557421737e-05,8.784698430644893e-05,8.93569074256064e-05,9.107030708198422e-05,0.00011432341291332576,8.601951169780047e-05,8.905863714955604e-05,0.00019844689868558669,0.00014065648042991483,0.0001648535281316125,0.00014647365648025535,7.531601244012702e-05,0.00012204579055222689,0.00014009916765604354,0.0001565230959784247,9.493884930889156e-05,0.00011435606554671224,0.00018430488815107302,0.0001154698370783659
4,8.303167173610878e-05,0.00014149603003496149,0.00011269566352037363,0.00010270178902753155,0.0,0.0001013881507986088,0.00010493796878911272,9.239660102245544e-05,9.23914537240445e-05,7.952313466206437e-05,0.00016411609843328202,8.299029712163147e-05,6.063084313301076e-05,8.874157547296821e-05,0.00011038195303647396,9.902805723054816e-05,8.481133683796874e-05,8.8470362438774e-05,6.0497269467456636e-05,9.463994484544441e-05,0.00011150989638801494,0.0001439214968538605,6.909244404753443e-05,0.00010693029741118689,0.0001166517798681003,8.371265578229187e-05,7.371495662858038e-05,0.00011633238032384453,0.0001157124164930112,6.411682985368855e-05,7.352268443160115e-05,0.00012063164254604064,5.820206931053663e-05,0.0001318400246278868,8.960232151324779e-05,0.00016624803563822338,0.0001226445845674077,0.00010991630933498735,0.00010175531759768192,0.00016149409467352473,0.00014189947990181004,0.00012379136922480125,0.00017774505084949157,0.00010182141099406559,6.54491577132979e-05,0.0001499316812699538,0.00011822249387860024,0.00013621046933062734,0.00016182513339786623,0.00010088101423357654,9.293480791304694e-05,0.00014105064991574903,0.00020771920854838186,9.954359404336477e-05,0.0001340164959743118,0.0001689202883260406,8.93420464134566e-05,6.948479825728506e-05,8.869613190953595e-05,0.00010208416490611686
5,0.00010017659377606931,0.00015787785202635123,0.00017291243298250106,0.00020174284531899894,8.980623337125781e-05,0.0,0.0001365098502704841,0.00013188448472938036,0.00014584298003126743,0.00011974269202138787,0.00011916655635234435,7.46843106593429e-05,0.00011131831743653086,0.00014401142526902376,0.00010316189505293629,0.00011177909208800184,0.00013957586978163028,0.00016093338204775038,0.00011781176594741311,0.000125380982395564,0.00011943245835715891,0.0001833026260103153,0.0001176858567136834,0.00010532044963519998,9.489066391690235e-05,0.00013292817943745132,9.174017132963623e-05,0.00012931429449488584,0.0001140291708296111,9.727186028515126e-05,7.413404646866288e-05,0.0001267486735809196,8.139984471824003e-05,0.0001467798214641599,0.0001228057950481745,0.00014767601023394565,0.00010244456838162511,6.217011543272338e-05,0.0001102917287322647,0.00012272764396203278,7.260942571916627e-05,0.00020378790581555576,0.00020987143494477785,9.867656627209604e-05,8.745150888239004e-05,0.00016275056610954268,9.566549397602027e-05,5.994491814460738e-05,0.00012220372607892212,8.167245904147273e-05,7.683506306616484e-05,9.517919453179123e-05,0.0001499640201244342,8.827278763346736e-05,0.00010002427929552097,0.00014426519529391646,8.710914213831239e-05,6.720675429466576e-05,0.00018940871471242253,0.00011636707394926837
6,0.00014777684555779513,0.00012491863929427899,0.00014622506282568486,0.0001063366112332249,0.0001206221437423896,6.667142316035264e-05,0.0,9.517723447158162e-05,0.0001123895669955037,0.00012484331639645705,0.00016231703711693866,9.170567860017261e-05,0.00010613313537937185,9.405864768376965e-05,0.0001268791581272547,7.89187712146478e-05,0.00010124770827483245,0.00013288472653974476,0.00011721400972488216,0.00015228273505581746,0.00018619347304383275,6.612983552818783e-05,9.591016682237215e-05,6.404313044449052e-05,0.0001716949361467376,7.769361634596617e-05,0.00011119175278822053,7.605842318086928e-05,0.00013415872609398658,0.00011338675972649844,5.678518144297825e-05,0.00011955911100949931,7.26627052140722e-05,0.0001192203022595718,8.034312608330028e-05,0.00011861554786200831,0.00010128348115977097,7.53566241336624e-05,0.00012872295321216762,8.549451027393273e-05,6.765168248748999e-05,0.00019397953052160415,0.0001213118976457853,0.00012019989465991156,7.392778056522502e-05,6.393380904127729e-05,0.00013766145351639506,0.00011512531720485855,0.00010487786882670319,0.00011862547455180861,0.00010811620847773942,7.926985626075677e-05,9.822862576632748e-05,0.0001196427613447169,7.670909190625839e-05,0.00011685968703206407,8.250022473851165e-05,7.802703175154936e-05,7.762560807962046e-05,6.595011656551534e-05
7,0.00015074255452431456,0.00014298455877058725,0.00014140556274753143,7.211661692422656e-05,0.00010127038470459614,6.478176393558393e-05,0.0001589203561928861,0.0,6.926803265229061e-05,6.873635916895035e-05,0.00013522933271163431,8.794686896324209e-05,0.0001176793339399362,8.707682822246884e-05,0.00013189676797183315,9.073696902231932e-05,0.0001314967075040183,7.955038738761603e-05,0.00011575354442970233,0.00012078304149485895,0.0001350542363572338,8.992249469461264e-05,0.00011157187786407819,0.00015625064008296819,0.0001950576233902913,8.786812938849567e-05,0.00014151366816068226,0.00010817901552952718,7.130955269194346e-05,8.653016604047732e-05,0.0001131502024152767,0.00014250779810738947,0.00011161597488243175,0.00013157517918433958,0.00010988180523697924,7.38002934106557e-05,0.00010037041467954163,7.620782805099723e-05,7.708482127547857e-05,9.041465138608861e-05,0.00012976586148664304,0.00019036114364278292,0.0001927988226262746,8.188472063916223e-05,0.00012116663871199223,0.00011744949113891389,0.0001678225569346485,8.199759058602905e-05,0.0001648443138778048,0.00010092127309758992,9.325268588541829e-05,9.457830732874419e-05,0.00010993476733449566,0.00010734510261191266,6.523455637215777e-05,0.00022394194342453583,8.854395566024442e-05,0.00012804970201167262,0.0001165140373951041,0.00012090036621350051
8,7.838261335382367e-05,0.00011770306019888758,0.0001548685848229242,8.197577132815529e-05,8.468816255224056e-05,7.242924991040908e-05,0.00013388357723719972,9.713937381998764e-05,0.0,0.00013403944934607066,8.21553919245508e-05,8.539865303031258e-05,0.00013383722949819184,8.632709803640178e-05,0.00011810234662694488,7.556651207499161e-05,0.000130484507031951,7.646985283886183e-05,8.522926454875137e-05,9.270287963063628e-05,8.629837665449806e-05,8.859443029002633e-05,9.376501090978334e-05,7.765940378959285e-05,0.0001983222174166668,8.26100780057959e-05,9.790897432126032e-05,0.00011884024121965168,8.983961686158589e-05,0.00011116703669691532,7.733071405277213e-05,8.223901112228697e-05,8.610861809647532e-05,0.00017704021219620868,7.068512025259422e-05,0.00010610589407526834,0.00011166406794836431,8.185221017184968e-05,8.501537819349578e-05,0.00010671934169045309,0.00013282003197469055,0.0001657169385888781,0.00011556132351894541,0.00013456982845044875,9.070668055417697e-05,9.824936342052191e-05,8.270671398033821e-05,8.222969741042784e-05,0.0001205769635467011,7.904113457918848e-05,0.00015864357325410839,9.209955813256607e-05,0.00010668986067096948,6.742846233106e-05,8.677580754404212e-05,0.00011206616392709462,0.00010006646934458273,0.00012683834656864454,0.00012325378893241425,9.767586865236693e-05
9,0.00010718361299993356,5.8036043090587005e-05,0.0001065219452275203,0.00018381273533718792,0.00013829180457212954,0.00022245612333931811,8.113565438136191e-05,0.00010091684998643362,6.242470179103256e-05,0.0,0.00014435866539673617,6.447672891575485e-05,0.00010473602352439499,9.964130554933047e-05,5.701988330594329e-05,0.00010659018096047041,0.00010928578432736045,8.693940532420313e-05,8.83806256958668e-05,9.384165517379717e-05,0.00015316972044152348,0.00014464521131781722,9.617056635271663e-05,8.892381083195502e-05,6.647028220212834e-05,0.00011684466825595157,0.00010674661775894591,0.00012434890529782432,0.0001164673799680015,0.00011109090381450114,0.0001404665591143514,0.00012939823590326003,8.11298278637052e-05,0.00010256437267025262,0.00010060933570357565,5.981462222158548e-05,0.00014785371236365952,6.828972011725803e-05,0.00013608260042343454,0.00010269018231858384,8.791038820899966e-05,0.0001290804053171345,9.797738100156203e-05,0.00011253832554293594,0.00010445813913065201,9.796371773711765e-05,0.00015944069662309792,0.00021549645234942023,0.00011568675539330713,0.0001118930773561639,6.515425147581561e-05,9.382551756623197e-05,0.0001275777611397599,0.00014526236472525955,0.000131859249858029,0.00012398046130618644,9.013885302735005e-05,0.00020401484863017742,9.470122846946576e-05,0.00014558528436587074
10,0.00019590922377505558,9.256898410370782e-05,0.00012684820971970375,6.468633419339168e-05,0.00018568437267405796,0.00015477668387933776,0.00011334648141161273,0.00012682400900935152,5.903124423418276e-05,6.858345981926395e-05,0.0,6.764636350837283e-05,0.00018720432406402353,7.781632959919946e-05,8.912450843062269e-05,0.00010441644784677456,7.081111066702944e-05,0.0001559253653332688,6.596649928189421e-05,0.0001019600892682507,0.0001452919958381927,7.84700749377014e-05,0.00010527801492837709,0.0001658269549536966,9.303508132762846e-05,6.964973174000339e-05,7.174894004017692e-05,0.00015600173032556826,7.888998815225139e-05,0.00010793097871561821,0.00012080947915328346,0.00011264344205131112,0.0001111746731835916,8.538025752926405e-05,8.804552177880333e-05,0.00012317951732681028,7.963198929058523e-05,0.00011582802174614391,0.00012121573733209643,0.00010975335881019844,0.00014307471047040606,0.00016920409687501403,0.00014570599741480463,0.00020986769160192333,7.332974636780944e-05,7.272493425035787e-05,0.00014754022447152921,6.250579604528154e-05,0.0001228333715484182,0.00010064732027470198,9.541982941033187e-05,8.374342213031737e-05,0.00011005182833241647,0.00014216974020686898,0.00017299897751313185,0.00017863572720613183,0.00010049341208944746,7.895557789981774e-05,0.00011718225340754953,0.00011408321704835517
11,0.00011241438338338728,9.968112437133435e-05,0.00012787387531065943,0.00011614149499336868,0.000100340585153751,0.00020544394536452183,0.00010854667028484121,8.356505558031326e-05,0.000138718261879098,0.00011312124115079945,9.163055865689574e-05,0.0,7.724078701597827e-05,0.00014505834480641413,0.00013398385623215187,0.0001025890675324509,0.00010250796740624119,0.0001189816862532508,0.00012995436849488334,0.0001165425668869163,0.00010207773635885787,8.289319237313883e-05,7.595384713966355e-05,6.79039060721678e-05,6.706716061780085e-05,0.00011237665282478088,0.00011199777683800204,8.590468459570998e-05,0.00018356371926906583,0.00012074667597863559,7.45510967155677e-05,0.00010465530671349857,8.486591447279184e-05,8.792267026577123e-05,0.00014155838006704976,0.000114737784172178,6.914265994144119e-05,7.783348462398622e-05,0.00010697300294495973,0.00015787044335373676,0.0001502782684893974,8.851693839344852e-05,0.00010431527588906655,9.079356348355986e-05,7.253241953238734e-05,0.00014103133448022738,9.006172636072336e-05,9.152324867003531e-05,0.00012896287691822864,7.911782032124052e-05,7.945285785331461e-05,0.00012417075910263294,0.00017858553839594156,8.491634935976974e-05,7.219295048397897e-05,0.00011227036289268623,8.514269932118048e-05,0.00012281732379596744,9.344652445503032e-05,0.00014820997042894974
12,0.000132527302839541,9.66738466173474e-05,0.00013133202915740412,9.34178778755013e-05,0.00010982927073024772,8.309859301232701e-05,0.00016459241136998256,7.645443940143579e-05,7.169226259774363e-05,8.059843434856405e-05,9.600297459512217e-05,9.768850626111828e-05,0.0,0.00021316384207003018,9.022097971951656e-05,0.00011657516948926239,8.561839527305767e-05,0.0001020863850302549,0.0001341279693726933,0.00014420990446520053,0.0001465625381982935,0.0001214419939978283,0.0001640678771693965,0.00015669874636650824,0.00010978655163924932,6.355751195704925e-05,0.00012068883514815612,0.00012873181421765205,0.00012358715241059704,9.146824179155329e-05,0.00010617190942192786,9.188504045470606e-05,7.200557296022935e-05,0.00011047311543446652,0.00010882260017261263,0.0001932332139456011,0.00010921129155231649,6.00371615489041e-05,8.747835038585796e-05,0.0001367988187357311,6.839740462527143e-05,0.00010701713941241078,0.0001376502363271371,0.00011678453463912537,0.0001350033156922314,0.00011524585462373266,0.00016139086547113866,8.557354479644114e-05,0.0002674732586288811,0.00011591902441648316,9.446292825096138e-05,0.00010329432313155052,0.00014623398655841459,8.496363535935637e-05,0.00011025266020116524,0.00014821803652930582,0.00010681926928677366,0.00014031035579409028,0.0001169361868428965,7.653078435527817e-05
13,0.00017211976180158488,9.771571262651887e-05,8.059232209503064e-05,0.00015658390703177368,0.00010527671850492254,9.123082020125672e-05,7.836230020504918e-05,0.00016807211601914127,8.217992513290092e-05,7.792546084088705e-05,9.005849085758118e-05,0.00010566824159850468,8.444318773351049e-05,0.0,0.0001012744936600356,7.721868747977826e-05,0.00014902289701851755,8.858085977407616e-05,7.848775126101517e-05,0.00010535815398591013,9.008753135419317e-05,0.00012452523193847714,0.00015270861864426723,7.658898906311318e-05,0.00011759693327229257,8.27942414356972e-05,0.0001052781968345943,0.00010692910998244763,8.947274302312599e-05,9.480243173325823e-05,9.309019777706262e-05,0.00011132877643587262,9.201366764892307e-05,0.0001091966574460806,0.00011063634426725175,7.153771945769796e-05,9.094834740546904e-05,8.680554649975843e-05,6.544666803061425e-05,0.00014604840436173506,0.00011236104119349679,0.0001358567738771977,9.744895166840186e-05,0.00016027070523832925,0.00016232691869622548,8.826033235995297e-05,6.710128563008434e-05,7.724168263479913e-05,0.000208342242077592,0.00013938325613903327,0.00019059681723329055,0.00011916875263233369,9.602661229448706e-05,9.426303858092726e-05,8.656341744950081e-05,0.00018945801398182407,9.981516673838401e-05,9.718371461198521e-05,0.00012541917719463533,9.612315199931189e-05
14,7.683545088150508e-05,6.724225354454735e-05,0.00018284735103299407,9.198464277705389e-05,0.00013750450060976815,9.454641601945143e-05,6.11542302369799e-05,0.00010363014653730992,7.444897207976486e-05,7.368254653225923e-05,0.00013799845857397227,7.471921021285948e-05,8.397203372971581e-05,0.00016464743990961443,0.0,0.00010872423880871393,6.347009514410174e-05,9.399975702680574e-05,7.726788458206423e-05,8.756970240724111e-05,0.00014514533484993996,0.00012403871696461345,0.00016828078952205576,0.00019185152286432005,0.0001508736478989819,0.0001178522819090683,8.412632028541006e-05,9.969991741517219e-05,7.57145924696625e-05,0.00010506104201368653,6.82538244713626e-05,0.00011761550169253698,7.756321146506787e-05,0.0001038065877554649,9.35470199675871e-05,0.0001087298435432004,0.00012648128923720345,0.0001196277278696861,9.498609880249184e-05,9.469966432440574e-05,0.00012577876419281257,0.00012997106185256072,0.00011910242473806823,0.0001410981285005996,8.860861522152431e-05,8.928205176767966e-05,8.463533257333807e-05,7.850602348327274e-05,8.24515562771316e-05,6.26633071298777e-05,0.00011822612317234308,9.599340773552762e-05,9.838155834695386e-05,8.739157815993896e-05,0.00016581524336493032,0.00011698570703134109,9.782725465995855e-05,8.1247275502005e-05,7.429851796053464e-05,0.0001448945174536567
15,0.00014051089295077015,0.00012016859845243517,0.00012941423936862914,0.00013982967330105825,7.109658792127945e-05,0.00019933679682732316,8.830007842372122e-05,0.00010929560066381968,5.1718641488108186e-05,0.00010484381536705772,8.493376508495929e-05,0.00016190745342615785,0.00010877595689618736,0.00014494176923175183,0.0001124352089194307,0.0,0.00011032533234909098,0.00015533506574062054,0.00013853975348400156,0.00013746115914727277,6.378761510136504e-05,0.0001371056799114486,0.00012733805625892737,0.00017348320506829922,0.000113972618294229,0.00013702164104086286,6.828585769674894e-05,9.017208793953382e-05,9.773635777197219e-05,0.00016721448677891086,9.095260147617649e-05,8.211980183863362e-05,9.424353215387438e-05,9.57848039544195e-05,8.098443146446227e-05,0.00015211433796651896,8.225666270708157e-05,7.657786690195584e-05,0.00012374566358170378,8.144267285728779e-05,0.0001016402214565019,0.00011139549420466656,6.938799238334746e-05,7.130593687565747e-05,9.046335099040675e-05,0.00017889198426522635,0.00016261954040994886,6.238766078498226e-05,0.00010724849048316866,9.333717363963413e-05,0.00016756731063760497,0.00011556954648183092,0.00016034543568391188,0.00013876153286590922,0.00012509770420875943,0.00015699224736773538,0.0001230305606094744,0.00010123950797647802,0.00017890827761689307,9.270326666499062e-05
16,0.0001089174432665011,0.00011021180112211151,0.00015994456896748524,0.00012954522542985976,6.603295875760953e-05,0.00013460344707786785,7.268043573688004e-05,7.151678686138387e-05,6.937284265864494e-05,7.08537062367802e-05,0.0001052328969167602,8.817320648136084e-05,9.14266877579203e-05,0.00010702868190219311,0.00015071332353271076,5.962457491588372e-05,0.0,0.0001403845637668117,0.0001048403516028348,0.00018035218070979812,0.00010493939937200776,8.011344159701726e-05,0.00012223922310710653,0.00010051811725643292,0.00013462730493342867,6.603795591339136e-05,7.18720030267804e-05,0.00011080067635772464,0.00014362973489503658,0.00014571034380114563,0.00013623436776764945,0.0001012416128530051,5.939934428233997e-05,0.0001375768614708345,0.00015020255359607233,8.940878172012354e-05,8.098360635198603e-05,7.564951830908889e-05,0.00011568315608151704,0.00016049997090826523,0.00010708725516880728,0.00011270097196323406,8.06756617235936e-05,7.63011948028426e-05,0.00013565758794385505,0.00011778984505523658,6.070480170825718e-05,0.00010506857605093557,0.00010742059731721983,7.052623825473557e-05,0.00010870815326188336,0.00010762136879128571,7.722720504317826e-05,0.00016377803514315358,0.00010154713820203214,0.00010152049781507209,5.756516299634419e-05,0.0001089972783207593,6.581256665700687e-05,0.00014665779784517625
17,0.00010493247839376566,9.73011626648705e-05,0.00016367602839903477,0.00011552508791113684,0.00015568331018354556,8.288250298231067e-05,7.91617112968097e-05,8.193582981582756e-05,5.803335143250911e-05,7.525406864530664e-05,0.00012978631429826906,7.073956345797337e-05,9.52763151147496e-05,0.00010537451842565112,0.00011234148826302445,0.00011795991661370517,0.00017513514684796343,0.0,9.69819976397052e-05,0.00014660747157558654,8.470298150109178e-05,0.00010347590913397093,0.00017049135282435688,7.822198222173192e-05,0.00010037651417512618,9.388799163795761e-05,0.00021874845706565589,7.718829744415647e-05,0.00012014878573405554,6.782185038547153e-05,9.707889877275301e-05,8.403809027224977e-05,0.0001002755102997138,9.956548516653764e-05,8.04256414320521e-05,0.00011634414398017469,0.00010978203600139116,7.545274246922314e-05,9.50820799593091e-05,0.00011085287201941234,9.075647300617803e-05,0.00010026643688810624,9.379605060335714e-05,0.00016668628278974562,0.00013453096216316967,0.00011925036700634365,7.804866801775915e-05,7.818862946479545e-05,0.00010613252521879517,0.00011846579855621116,7.093890460638999e-05,7.15330361031533e-05,0.00010864674816956858,0.0001351017268044592,0.00014088835776709615,0.00023271679223312174,8.688181254731623e-05,8.29464308680329e-05,8.336162864360262e-05,0.00010794028552454728
18,0.00012706341215587376,0.0001026295651049287,0.00010328328097328485,7.344497022853712e-05,0.0001026632071746613,0.00013348248555491616,0.0001223299183106802,7.660007958909778e-05,0.00010903347240362023,0.00011701714575021808,9.700554806460379e-05,8.582967689248211e-05,0.00010229152826878297,0.0001735589412731768,0.00012905454082134116,0.00010646097616406297,0.00014457072216378781,7.999254898714948e-05,0.0,0.00010099366539648127,9.418663942471603e-05,0.00011064909605466336,9.413098980679646e-05,0.00013055207194304758,0.00017911647397241714,7.674376354088977e-05,0.00011089323508001457,5.865107431126078e-05,0.00011188380864090428,6.955223185659312e-05,8.815494623019306e-05,0.00017794031270362297,7.717258950157586e-05,0.0001644907113950942,9.075243317428675e-05,9.04462802743746e-05,0.0001293613413443179,0.00010892368681080315,9.622990813447615e-05,0.00010642020941444137,6.480599987057213e-05,0.00021855776151832976,0.00014185059790248117,0.00012895573599833963,9.522884507405756e-05,0.00019578043306042977,0.00019455828078123025,8.228333503717019e-05,0.00010987531993952417,0.00012801980583528573,0.000176503670343947,0.00011966230280447578,0.00013862353985192135,7.497882233341722e-05,0.00012590552420437275,9.207116004914576e-05,9.108712810151577e-05,9.57867670299534e-05,0.00010853727010410858,0.00012222702828303207
19,0.00015767987947317263,9.392359510833777e-05,0.00010539319570467597,0.0001391248155263326,9.137149461343166e-05,0.00010289360021848862,0.00012176490730657465,0.0001348469068032457,0.00014999242756244042,9.877558496983389e-05,9.220217539497713e-05,0.000169890415807566,8.71971013073879e-05,8.358272412048113e-05,8.606494306616358e-05,0.00015862461728483463,0.00011738378291385561,0.0001257890424233955,9.182089013895182e-05,0.0,0.00019031620426743624,9.21391070409753e-05,7.443459788523295e-05,0.00016060538902434748,0.00013901470237322988,9.135481831464033e-05,7.418904102903784e-05,0.000155415857915432,7.631547245081658e-05,0.0001609938692164682,8.314672189025944e-05,0.00011796864078510563,8.406522589057052e-05,0.0001020994002744405,9.592168148197386e-05,7.478879360951175e-05,0.00012787940161491118,0.00013079961687449066,0.00013354317373021757,0.00012932103755238395,0.00010355864331692244,0.00016792337928961398,0.00014001254714481032,0.00011594323938795954,0.00014537257647036274,0.00012810875175035385,0.00010627701034371971,0.0001122671947499359,0.00015470147849274075,0.00012337698814614278,8.095231905525251e-05,7.338881188322957e-05,8.667776723612208e-05,0.0001366675546984699,8.828227302648226e-05,0.00019065379620567113,9.038822503142629e-05,0.000132667855392361,0.0002011229089078601,0.00010889698140477816
20,5.8641422273640706e-05,7.335024221385999e-05,7.396879361971172e-05,0.00012442757088246468,0.00013903101552030652,7.542658489353282e-05,0.00013549045791532964,9.211323344134307e-05,8.992253032446223e-05,0.0002003796277115586,7.23082391100763e-05,0.00015601816737243558,0.00010526473313036649,0.0001676160272538518,0.00010789521453943153,0.00020841434539338482,6.751820862462616e-05,0.00020266313631214542,0.00023423887485573354,0.00011869219971545885,0.0,7.135404417200723e-05,0.0001118688856443521,0.00013121903645873774,0.00012069890297448308,7.450598424461775e-05,9.628834456967052e-05,8.0844835815596e-05,0.00010631452126965754,0.00012395775020471772,6.721162635235681e-05,0.00010546746203812672,5.364193728753789e-05,7.859310369719232e-05,9.046406820407362e-05,0.00017180152238626707,0.00011282166515507916,0.00012981225645411262,7.087535860535442e-05,0.0001244620276489196,0.00011290582469469072,0.00016323507250056712,0.00011467825072853996,9.361389397146368e-05,7.157559395893487e-05,0.0001129113995973759,8.500373274382879e-05,8.196619740140534e-05,0.00011011803884801705,5.628207616260809e-05,8.467667759351728e-05,0.00014494981671123015,7.381932044019168e-05,0.00010633927292711316,0.00014218909467276914,0.00016061906093096356,6.556340110280827e-05,9.89031607141746e-05,8.201210118180123e-05,0.00010741757317122944
21,9.917802401466876e-05,6.761011248864234e-05,0.0001309179228024377,6.563693022562038e-05,0.000131234603378139,0.00013410826673365144,0.00015284663490544044,9.903432418360123e-05,9.441412047715991e-05,0.00013121060638455605,0.00010312308523406447,0.00012139458269908173,0.00011381988695231033,9.026464171825063e-05,6.525161655301848e-05,0.00014294603227341384,0.00010762935490097154,0.00017687325074708065,0.00011000514517285456,9.317740943712996e-05,8.36620921564432e-05,0.0,8.941402747100794e-05,0.00014847706648016425,7.558053094399139e-05,6.785721204831968e-05,0.00015039535426446344,5.066623008978412e-05,0.000123750261043397,0.00010990040690546545,6.672815917543431e-05,0.00010659276481272185,6.218348495829426e-05,0.00012098647516589229,6.641772770121856e-05,0.00010986346087352405,7.753350670154311e-05,5.835208309788104e-05,8.711703424686034e-05,0.00016396757999837569,0.00013420455815041325,0.00010260059574349539,0.0001246540152820307,0.00013299425669847996,0.00010075243718917961,8.891807264415347e-05,9.45543539898959e-05,6.135073268568636e-05,0.00012262901477840516,0.00012444181384322755,0.00013052000203271467,6.912583136965617e-05,9.197365346441255e-05,6.778592455425748e-05,0.0001410825510107703,0.00019475880826755936,0.00010950041626754371,0.00015646790303789167,0.00013117842286731313,9.930495425238684e-05
22,0.00014509485441272584,0.0001467119961154203,9.525509578522846e-05,8.416871820173277e-05,9.021674139793937e-05,0.00012389733442070362,8.523341585595983e-05,6.632056471127738e-05,0.00010324277425613902,9.966198125705512e-05,0.00013866071962889936,8.826870779015345e-05,6.0099151443960164e-05,0.0001565436886499361,0.00010084412199645729,0.00011734167748012814,0.00011419575814788409,0.00012754440702846985,0.00010030087726416013,0.0001593211081949847,9.193998558862985e-05,0.00012820015420611462,0.0,6.566353439566254e-05,0.00010653112620929901,0.00013776350595846426,9.598589497308972e-05,0.00010563696861577146,9.287468213971318e-05,0.0001370829019168646,8.192545658641177e-05,0.00015591932280283933,0.000112292595915286,0.00010415267655961207,0.00014702244082429752,0.0001499603167045327,0.00010397199584033329,6.230275737081137e-05,6.946157281790158e-05,0.00011870981162263366,0.0001216934423991492,0.00014816303726120542,0.00015009773474264433,7.412619608034597e-05,9.610451015160865e-05,0.00010352095557332047,0.00013845016896453277,0.00010464731726924521,0.00019972332354256648,8.810018162867796e-05,6.159545711844877e-05,9.837690990567638e-05,9.649371290337113e-05,0.0001691235097984234,0.00012305057725039642,9.454908412501891e-05,0.00012102561190886954,9.502995672369847e-05,9.69599635743979e-05,6.391899499137956e-05
23,0.00011708961666414687,0.00012860555514306718,0.00015000998491452227,0.00012482700384793026,7.723306333376638e-05,8.019501061042447e-05,0.00010789882730759811,0.00012816090961510014,0.00011850421948838088,8.049681940558844e-05,0.0001628187266476808,0.00010213355108402538,0.00010960772627584419,0.00015659381723356683,6.56413400117059e-05,6.230949957571508e-05,0.00011853319929037961,9.535547463820128e-05,7.691250045249598e-05,8.928444227751634e-05,7.665451598392178e-05,7.303922309728955e-05,7.526823760000392e-05,0.0,0.00010727768164928823,0.00012163126890637563,9.552191343643144e-05,9.17414539616155e-05,0.0001075116035637673,0.00013543285380025638,0.00013517777222272681,0.0001726174040903037,0.0001193887914168685,0.00018285479792881014,9.577859990500599e-05,0.00010715380603527423,7.550055285096471e-05,8.99871950267241e-05,0.000187817721226018,0.00017862268370083247,0.00010212091359460787,0.00012226735499733037,0.00015464042835245818,0.00014253585931284164,0.00010129040913897194,8.036313720244537e-05,8.404612397018073e-05,7.314151372289675e-05,0.000140941022285698,0.0001771573621571047,9.550273894340577e-05,0.00011399617798357629,0.0001126372308608426,0.00011811030579474404,9.152311409629533e-05,0.0001265556785915245,8.244562421624425e-05,8.71238665319023e-05,0.00015097088853731672,7.895698926566728e-05
24,8.939449734695757e-05,9.625773022158025e-05,0.0001295772219592283,9.948132249997282e-05,0.00010622853604013085,0.00017632796660829706,0.00012023700010761228,6.708432615513188e-05,8.51517792912897e-05,0.00010959834250708883,8.911714963566804e-05,0.00017843181958775031,0.00012777600450517284,0.00016452692603524438,0.00012253349269893365,6.978002472461812e-05,0.00014846188855725508,8.333327439927508e-05,0.00010421946059936107,0.0002012318561253848,0.00010422385326646184,8.285309167644545e-05,0.00011764068428222034,9.906912570686371e-05,0.0,6.238687563893183e-05,0.00016296673224678186,6.281558544626455e-05,7.814557613629742e-05,9.1448470140641e-05,6.829611266198819e-05,8.727729863662449e-05,8.127272421986906e-05,0.0001295389581375609,7.749586157054766e-05,0.00011906208338073453,9.465970178186893e-05,8.214463705229842e-05,0.0001479335232981028,0.000140690526083169,7.387979855167361e-05,0.00017292242514674582,0.00013138750896471012,0.00014833107664949217,0.00013108077777363418,0.00012937802538433058,7.087894773470801e-05,7.160384822350304e-05,0.00011671754792447611,7.650733764391854e-05,9.551809915519794e-05,7.137767864966388e-05,0.00014811404023653283,0.000157947614790988,8.967193055057608e-05,6.943715936634612e-05,7.391723904789663e-05,7.660518997574397e-05,0.00010777769530635792,8.701125276792883e-05
25,9.945123385700499e-05,0.0001180775037427133,0.00014743660414837513,8.461013002809077e-05,0.0001084005051556023,8.540116733413557e-05,0.0001214452224219015,4.8924763872129424e-05,6.737434459080731e-05,7.56618006623081e-05,0.0001236273589174896,0.00016907317848704442,9.462440995386485e-05,0.00012769881502014044,0.00010834135233246755,0.00017054226077531232,0.00011170633428258111,0.00010084326658975335,0.00011838702880799965,0.00012072788619004605,0.00011065956930488054,0.00013114153202205958,0.00013732999229721805,9.147780696680004e-05,5.826099813915634e-05,0.0,0.00010087083147874053,7.903030875240142e-05,0.00011063845985452591,8.43884652169698e-05,0.00010054431142745059,0.00012201218686377997,9.130255530512805e-05,0.00011583615225096148,0.00010479461086007676,9.07052347702181e-05,8.604846208254009e-05,8.296776167592114e-05,9.405570805962781e-05,0.00011480539770108683,6.29518714927957e-05,8.519815197309015e-05,0.00010128380052217814,0.00010298563159616643,6.375622948526885e-05,9.726418062942991e-05,8.785667905599157e-05,0.00013123573287087428,0.00013069074322190983,5.955248285290135e-05,8.186528101143158e-05,8.489204969786967e-05,0.00011400724683538584,0.00012404455218437423,0.00014045194986717687,0.00014230121748407866,5.7602186350215764e-05,7.907211546732323e-05,0.0001776603059085538,0.0001347817343986105
26,0.0001525363975659123,7.691650067951535e-05,0.0001573421807506277,6.337997604128968e-05,9.065760278600507e-05,0.00011189140188677258,0.00014377927778577877,0.0001096690727412874,9.458318635951804e-05,7.394254310234649e-05,0.00010922298708251901,7.972577943980178e-05,0.00012103814584588673,0.00010188443275106777,8.450896905650073e-05,0.00010182779932543365,9.107825572645787e-05,0.0001720815426779488,0.00015565279125991815,0.0001711734087548735,6.872652130087742e-05,0.00010199333174196644,0.00011133839164435137,9.668440820259275e-05,0.00010168940540146387,6.56490766387956e-05,0.0,0.00011592134890064305,9.994001760689758e-05,0.00015430268666342958,8.382442464858491e-05,7.995914408399629e-05,0.00012215078864179297,7.979365042318219e-05,7.297928183357354e-05,0.0001061327258432785,8.878428100864423e-05,8.825166035533943e-05,0.00018357084780231048,0.0001314560446478025,0.00011228849246425548,0.0002011072243886892,0.00011875512026706403,0.00018657927224173396,0.00013007987307277544,0.0001379021149564844,0.00011027855924812404,0.00010331071367978134,0.00015456172693568518,0.00013045296830711665,8.723570642952326e-05,7.554828319752675e-05,0.00011432594086134463,0.00011029332733342818,8.241048328519393e-05,0.00018915937514854918,0.00010889403198932816,7.263724692760026e-05,9.33201668676377e-05,8.169798961157334e-05
27,9.971167610793846e-05,0.0001078503319948952,0.00012569103397353355,6.705044044779354e-05,0.00015040695643412188,9.755214939482712e-05,0.0001537083555004672,0.00012496516344295356,6.633321568813649e-05,6.85917864902169e-05,8.110545140474505e-05,0.0001417400091303167,9.387103508693894e-05,9.762292266123724e-05,0.00014143772957764922,0.00021685257035033176,8.579237418439971e-05,8.264453016962949e-05,0.0001581433628450131,7.986958028069556e-05,8.96017712456877e-05,0.00012731583349008977,6.398407148012518e-05,8.034463014147843e-05,0.00011982295851931343,8.610649398301144e-05,6.643370871492997e-05,0.0,0.00013200037184371308,0.0001244987668503421,0.0001760314293261635,8.51224484706837e-05,0.00013211844063011445,8.620274944793576e-05,5.611680655329463e-05,0.00011652075149379951,0.00018078778133828375,8.387530785606603e-05,0.0001211831492454949,0.00015995433099977904,0.00021678782448641298,9.42103689822928e-05,9.574156708793338e-05,0.0001402422338961206,0.00010763615004348774,0.00011357315520693875,9.775959773478477e-05,9.333580567389691e-05,0.000122108830325704,9.82299758766024e-05,8.189730003365537e-05,0.0001391296796142157,0.0001222237542014861,0.00013564929386048608,0.0001303696520415669,8.450918443255846e-05,6.12307656460301e-05,0.00011101212480213278,0.00014042081730452266,0.0001585849319755536
28,0.0001807131017177215,0.00010662777093306886,0.0001243933950849921,8.771004446735181e-05,0.00012644499553931868,0.00014203343437840815,0.00012022443127711198,0.00013078642125791628,7.952556964606344e-05,0.00013111820083937597,0.00011349125767637285,0.0001024364177679002,0.00014483070113535,0.00016831746518891595,8.796869957235459e-05,6.693213152812535e-05,8.014977684996346e-05,8.809756991849317e-05,0.00012053923359424972,0.00013470520123961998,6.0430925083438064e-05,9.977390937216815e-05,6.932104680894196e-05,8.547579467478498e-05,9.055456279159623e-05,5.295736426773003e-05,0.00018059468765800442,6.02181490212955e-05,0.0,7.508122889062768e-05,9.494311467338738e-05,0.0001317497217725817,8.079969984551789e-05,0.00015323100336952724,0.00011789179741604185,6.422273409157377e-05,8.786531829811158e-05,8.991764910883239e-05,7.904370503489075e-05,0.00010724145399950333,0.00011257590833881044,0.00010949960390972511,0.0001755162982879153,0.00013421309599327122,0.00010121933533290273,9.820210262556884e-05,0.00016238426417103318,7.823845220255316e-05,9.123649941611044e-05,9.31034313850024e-05,0.00010862350712689382,5.684439398103694e-05,0.00013002704755480223,0.00013266878614813155,0.0001354612531293867,0.0002207095818368517,7.790121560764812e-05,8.731501005370072e-05,9.325004862617278e-05,0.00014069853514187163
29,7.813011223839187e-05,0.00010123865657146115,0.00015901607940615594,0.00012499216285076462,7.759537633453028e-05,0.0001569836241066988,5.9611292093722204e-05,5.1955917377351e-05,5.905500868796484e-05,7.496264381992313e-05,0.00016025358269795194,0.000162129371643916,7.613064184588944e-05,0.00016855165916655336,6.145021332437692e-05,0.00011657383713626459,8.829146627055237e-05,8.580237768906503e-05,7.331658960575953e-05,0.00010025224289256546,0.00019821067009943708,0.00011473531605050728,9.707955359203006e-05,8.006465986529717e-05,7.29643882496119e-05,0.00012048309992096696,0.00012608940815781678,0.00011283356161000681,0.0001132742221543935,0.0,0.00010976002833565767,5.906034004318654e-05,6.827489830840489e-05,0.00010900869546690451,5.668816701965184e-05,9.606855418821466e-05,0.00010182148876843007,5.4226251995993644e-05,0.00013125921180176701,9.840512238362764e-05,0.0001229363541335323,0.0001495555510986329,0.00013206109270606079,6.602222527343432e-05,5.754807875027783e-05,0.00011358053987244664,0.00013194361661515746,0.00012396110883472488,0.00017623365281634065,8.057543138706685e-05,0.00013298109973524662,7.166753750013594e-05,0.00015368827848688188,6.851810874548101e-05,0.00011006686143563163,9.805072583194567e-05,0.0001283827422604849,9.507423129943634e-05,0.00012135537319753468,8.458006110022799e-05
30,6.258072501299285e-05,5.790325616239371e-05,0.00018139585096118235,9.709953211521948e-05,0.00012862829849258128,6.336085448674979e-05,0.00010015953146500894,0.0001137237387595571,5.604448525365559e-05,0.00013035731516213372,0.00020132029976388578,0.00011389377083746358,8.054654452948406e-05,0.00014846272320477737,0.0001087104427435944,8.81031729177441e-05,0.00013298004256965246,0.00017848194967574337,0.00011059085615108415,0.0001256381852593399,0.0001334900159074793,0.0001224164562640382,7.434600191077276e-05,0.0001420648593694808,0.00010662605738668318,5.53695854132449e-05,8.607724832992534e-05,7.893565671890514e-05,7.988185787217348e-05,8.878456679256676e-05,0.0,8.806402614362381e-05,7.858421551703727e-05,6.736827681101696e-05,0.00012749976211311423,9.994849584517305e-05,0.0001692020754219689,0.00010874458412012656,6.786164783358934e-05,9.282883772918902e-05,8.552587035426754e-05,0.00010059129495647977,9.129388191768998e-05,0.00010703729263562175,9.215778206842168e-05,0.0001327415247047674,0.0001004530169632186,6.048623213205584e-05,0.0001251977451702578,8.39897198821269e-05,0.00011329612718609847,0.00014158143157368128,0.00014081498870766967,0.00015538279927892746,0.00012490775933918748,0.00012079730935914524,7.35194665167034e-05,0.0001334729722638974,9.574993377799711e-05,0.00014824799347864368
31,0.0001556952760811819,0.00010113780181664803,0.00010473372576152773,0.0001264391536506306,0.00011081723224560131,0.00015308729563153972,0.00011879626300248808,0.0001036131810817439,9.918919217844705e-05,8.515942933046953e-05,7.544617299184995e-05,0.0001164833867668738,0.0001422891142930332,0.00011716335483182522,0.0001094578188737049,9.791547187286606e-05,0.00012081265479801234,0.0001375740431083062,0.00013192629847947848,0.00012052228424557182,0.00013697387260883925,0.00010899016072457701,0.000123558329481027,0.00014660305657465407,0.00010405808172514531,9.503349784883176e-05,8.55265528979238e-05,0.00012211573157781212,0.00010542273146467543,6.56500650600988e-05,7.233757203967817e-05,0.0,6.473328605306716e-05,0.00010218882467689492,7.924238537505072e-05,9.719940134540861e-05,7.446837223071255e-05,7.303889138010337e-05,0.00014119718699648503,8.734467404107683e-05,6.894103214466086e-05,0.0001309325567071158,0.00012555300636821827,0.0001139944394889268,0.00010168887435470206,9.391933931680392e-05,8.246252844736123e-05,0.00014034483004174818,7.540767361083973e-05,0.00011319589037591509,8.959981573279282e-05,7.088419237201443e-05,0.00012134323043928134,0.00013956892238622406,9.528558693122814e-05,0.000199786567069238,0.0001633237159334526,8.618713391775073e-05,0.00014854566492205848,0.00010139215346575099
32,0.00015244750870800866,0.00011045703834970304,0.00017310607435171358,9.302856031443152e-05,0.00010435309707471442,0.00012507637330215964,6.275236582394576e-05,9.305086407632258e-05,7.561737954860808e-05,0.0001253103036652768,9.480163986610311e-05,0.00012144289778492791,6.433062260647303e-05,8.63858613166839e-05,9.387205264983107e-05,9.721470603011597e-05,5.80933476982567e-05,0.00012773917524950832,6.174255765202058e-05,0.00013459514719481942,0.000128681622205078,8.756287114218332e-05,0.00011534504803891435,9.514153379857356e-05,0.0001190698496524179,9.381232272343016e-05,0.00011397969621677653,5.424437806490608e-05,0.0001042243984159313,8.100858415279645e-05,9.690992278574826e-05,8.255809258394835e-05,0.0,0.0001417148492266708,7.47562640711809e-05,0.00014348227244202546,5.898041398493298e-05,6.263932747498178e-05,6.383882990412419e-05,9.777958871729216e-05,9.128252264364407e-05,0.00015793488921382278,0.00013480569675782686,5.6159466507433244e-05,8.861290428261392e-05,0.00012803904210397201,0.00014829741794538867,0.00010962020322211645,9.034817479379382e-05,0.0001052052916438207,8.893708339379948e-05,0.0001153174826166579,7.775242606888748e-05,7.734157704431254e-05,7.260988751312034e-05,0.00011003420178503208,0.00015038553264442537,7.337000800067392e-05,0.00011159816441434429,9.781234688408938e-05
33,0.00015387116701407697,9.979612404638801e-05,0.00012577524165031478,9.250096917389896e-05,0.00013015107135662014,0.00010286296786297673,0.0001132669136156429,0.00011446555463185357,0.00010611974432596431,0.00011882629678063723,0.00011624893013352382,8.600267671795475e-05,7.105916958192126e-05,0.00017489482483985222,0.00012229317222354772,8.936041746582788e-05,0.0001031807438699814,9.490967808757786e-05,7.051294662720276e-05,0.0001608909666869403,8.86179488061366e-05,6.516849322854638e-05,7.928048784297393e-05,0.00012672396471287268,0.00010975959313387661,0.00010570747650363157,6.848513202992198e-05,5.3956898349591564e-05,0.00014569616584238497,8.94903983069829e-05,0.00010045954884418795,8.281160666227634e-05,0.00010376816868528406,0.0,7.123623756998995e-05,0.00014541843914034667,0.0001016203841674418,9.955844018322147e-05,0.0001414208612154115,0.00012867058817154668,7.607218604694974e-05,0.0001658448488582036,0.00016338820322328118,0.00012723002614072827,6.971137079717725e-05,0.0001580212548982863,9.346818471393609e-05,6.265770614557109e-05,9.128471309787539e-05,6.528214554306606e-05,0.00017356796583500495,0.00011730171447224339,0.0001053773475968236,7.5014123041729e-05,0.00012244435788238498,7.80726242194886e-05,8.592569863607129e-05,0.00015063403575585338,0.00017650668700760176,0.00019473651241135118
34,9.0638034556194e-05,9.050498377108671e-05,0.00011016677532249109,0.00011876503884554152,0.00015462700019195562,0.00011933661312659337,0.0001142992193423432,7.669827600265628e-05,0.00012863365366076133,0.00012461857736359972,7.713101629764293e-05,9.24496837198508e-05,7.01000223905699e-05,0.00022635924544295606,6.714495786692554e-05,9.608380114706748e-05,0.00012578882786151753,9.024386896882892e-05,0.00011387364500387979,7.461031361503812e-05,0.00011084161275196464,0.00013603432840421001,9.485752804685118e-05,7.474784130547088e-05,6.830824349649087e-05,4.915974602201818e-05,0.00013693338772495847,0.00013145806808189406,8.693098358882047e-05,0.00013969922402845973,6.448185001286063e-05,0.00010596533590334808,8.102630493005752e-05,0.00011500373917632485,0.0,7.872620476113611e-05,0.00011259841999941446,7.531418287766965e-05,8.404683100364369e-05,0.00010889664868939229,7.39580476391186e-05,0.000138947318297526,0.00011944482918006725,0.00012932282137343145,9.511202021051777e-05,8.366088747380267e-05,9.165568450414145e-05,0.00010430442338403528,8.306645163806563e-05,0.00013159818957627812,7.825918263588886e-05,0.00012014515211493933,0.00016379302881427775,0.00010963188792967168,0.0001731009142630878,0.00016768568032610447,9.214888044986674e-05,0.00012827269327727456,7.634959407535927e-05,0.0001207151250450599
35,0.00014133737638976192,9.064041433549635e-05,0.0002011358805650747,0.00023089598263272798,8.507494022223838e-05,0.00014924839354975528,6.67320149983552e-05,8.156092166270957e-05,9.146209103765169e-05,9.39651058177076e-05,9.182077308371901e-05,8.203078515620704e-05,0.00011464804330578375,0.0001271139536320977,8.01368633171084e-05,9.037042280773915e-05,0.00010168809230448452,8.35423925997781e-05,8.687506904738498e-05,0.00012519693669019267,0.0001080537997086299,0.00011237765822271331,6.36379736406412e-05,0.00015603501574302215,8.177943389485343e-05,0.00010182187392463077,7.561836255689132e-05,0.00010734558867707116,0.00010824946925259006,0.00011181386931560798,0.00010293090594696918,0.00011847485023811352,9.14127091939435e-05,0.00016695078057405463,7.247276720096528e-05,0.0,7.978409124803256e-05,0.0001383799305350969,8.887593292082867e-05,0.00012456172873465693,0.00015563935541700445,0.0001671595555284251,0.00019531601628664007,9.761940546291932e-05,0.00012871651291463342,0.0001240578604243183,0.00010103147494166528,8.054827007031728e-05,0.00018431486940629529,0.00012982767657025712,8.302130859691554e-05,7.112925795462381e-05,0.00014918496890530146,0.00011515959258414849,9.391181382407298e-05,0.00017426817116503773,7.193143517522886e-05,8.393991483759607e-05,7.531429244073149e-05,0.00011128754357549944
36,0.00010920383157986843,6.777869035759016e-05,0.00016274274631535005,0.0001531475056431565,0.00013670971051696777,0.00011156450778960907,0.0001397895248669457,9.843826993514719e-05,6.994528432942239e-05,8.687294281904018e-05,0.0001047603090685608,9.652873906115723e-05,9.239048619174572e-05,0.00010708225822268425,0.0001168111003926144,6.775551276710696e-05,9.983044569442402e-05,0.0001259418259979353,8.958652438046987e-05,7.201335258247648e-05,6.895636520565098e-05,0.00014502950025994496,5.7698213511880575e-05,9.826744854239713e-05,8.991569245656536e-05,6.908302891331256e-05,7.359966165658263e-05,7.691820812891078e-05,8.15191699509111e-05,7.04733999549802e-05,8.045972978609176e-05,0.0001705628396564246,8.81348344028779e-05,0.00015335763262101193,5.608159028358561e-05,0.00010317686028479825,0.0,0.00013651646676703796,0.00010787708782163503,0.0001239379031645217,9.023239274310941e-05,0.00015478577136572198,0.00013663446710105475,7.044914360490508e-05,0.00016726386307904778,0.00010420354497575214,0.00010844891311321083,7.945891492118124e-05,0.0001099556670553772,0.00012859026123536894,7.674023020923469e-05,6.407032653848484e-05,0.0001223793277852235,0.00017669112267208178,0.00018051076292743595,0.00016272265118116004,0.00010587533280013763,0.00013276976175502213,0.00011710718754337063,7.953988555885171e-05
37,0.00013425774183078147,0.00010217868450194122,8.77476821704774e-05,0.0001449252931340342,8.64787041726313e-05,8.621750838805366e-05,0.00010208026650852468,0.00013074665833664737,6.852656265512068e-05,0.00011130957333694328,9.806551981848718e-05,7.047424465865014e-05,0.00013829898302686759,0.00010654204433819098,8.217406995620479e-05,0.00010016788601662437,7.47245871013685e-05,0.00013664276760754867,0.00010487018594057772,0.00015481257364146164,9.112921750417856e-05,0.00011736450619157574,7.917969416975534e-05,6.806000670740917e-05,9.713838042298533e-05,0.00013558372095102874,0.00011927598197071272,8.509681115701405e-05,0.00011310367052735198,0.00021132169625205402,7.205299212825564e-05,8.256990027745594e-05,9.201568591076753e-05,0.00013978446294523605,6.262099751922974e-05,0.0001717471215159416,0.0001379981150176993,0.0,7.663407259630879e-05,0.00011565183197466547,7.257140677396432e-05,0.00019266055935945482,0.0001283824487072478,0.0001612403005038222,0.00010107051458989482,6.0668601204843046e-05,0.00010655217632578764,5.7704588070053105e-05,7.084565740597611e-05,0.00013864027126262547,0.0001335275968517319,0.00011059488619198844,9.115176726884256e-05,6.161098762225577e-05,9.770538934354056e-05,0.0001001454061833753,0.00010043498994168979,0.00010603777005320816,6.444845207785764e-05,6.906654657121052e-05
38,9.686494717656773e-05,8.935285415967061e-05,0.00017650396162652014,0.00011263495903784517,9.500716664957713e-05,6.991007896167106e-05,8.31435212632939e-05,0.00010814427716335668,0.0001307282497305401,7.334563791231172e-05,0.00013858718671402504,9.463884602623421e-05,0.00012556640839584391,9.554653941180146e-05,6.699279743970461e-05,9.387115035374464e-05,9.958617444530134e-05,8.86944368191023e-05,0.00011435834550799037,8.495369961477968e-05,6.87306875129228e-05,0.00013476344847510445,8.13762938299774e-05,0.0001178549808533129,0.00014072770402423376,0.00011968292858315413,0.00014964934474837667,7.921744468359956e-05,0.00010415494852702272,0.00013690540848658526,7.403215451320743e-05,8.331839917830868e-05,0.00010837902711814193,0.0002304760114468457,0.0001382636647058928,0.00010422790117321512,0.00010761779255944704,8.915530004003447e-05,0.0,0.00012223028334502415,0.0001248159934394365,0.00015132798372665624,0.00024226096529269512,0.00012432150962417664,0.0001266496872870508,9.875649698589291e-05,8.98662632315091e-05,6.155977072713725e-05,0.000150863174970417,9.198458072105208e-05,0.00019268994150677232,0.00010451811242011436,0.00011376760427009603,0.00016674194945763275,0.00010241211978559867,0.00020192830811971326,0.0001258859453656345,8.123831290782762e-05,8.087185385829045e-05,8.393507080208058e-05
39,0.00010253767411801297,0.0001044071914020027,0.0001372590162090559,9.558580444600062e-05,0.000125278852783267,0.00011389263535826184,8.922717349019052e-05,0.0001226504084971615,8.589428445906645e-05,0.00015007037342323947,0.00016280652070672195,8.64155329074776e-05,6.880126876518331e-05,9.320197317269456e-05,0.00016623136755316328,8.587653908908699e-05,0.00010359437778488782,0.0001123759011813842,0.00015655707810063193,0.00012187179382159946,0.00017034747985942024,6.573510025529217e-05,0.00020452962624993405,0.00013700802455604956,0.000186461651561848,7.152445176458095e-05,0.00014048230742626404,0.00013073625671314204,0.0001840837716039062,8.54901020072393e-05,0.00011744793157820356,8.00229253048564e-05,0.00012333323207076958,0.00010264008581684948,0.00010453133622683368,0.0001407039202630977,7.267675009114136e-05,0.00018706262968921767,0.00011313858878629871,0.0,0.00010702800694279124,0.00016855339860029976,0.00021559930659800997,0.00013029258622390585,9.083427458965462e-05,0.00012138834280266916,0.00017977340801780941,0.0001298806325368428,0.00012297169556231766,8.916010916267585e-05,8.529349214911604e-05,0.00011191639894959126,0.00013123691587821012,6.684909087427468e-05,0.00010345466574785001,0.00014236209657022473,7.895855424178213e-05,0.00013431786050891644,0.000171824927154968,0.00011309366611347964
40,8.435844415488222e-05,0.00010468520002200522,0.0001358418015914939,0.00014753732056272913,6.775934655451131e-05,7.516303436806701e-05,6.071537315144201e-05,0.00010397712318337168,6.261110230817208e-05,9.781250720128644e-05,6.383292741312494e-05,0.00012065986528515764,0.00012774539499438848,0.00015824175673560955,0.00011654290283245303,0.00010203457307918553,9.215750010778192e-05,0.00018524661953028845,0.00011062574526071384,0.00013489903050353967,0.00011604431016344247,0.00010234306055985985,0.00011939387889323412,0.00010353817749866736,0.00010744761707693323,9.828614533630138e-05,0.00014865965009686622,7.090541164927818e-05,0.00021376271264074865,0.0001331157154812102,9.014406928953222e-05,0.0001239109720745513,0.0001051005880200861,0.00011057175007260808,0.00010708356149783406,0.00011456949439245682,0.00011992562960805355,9.175526581238704e-05,0.0001000804519162942,0.00011601576341806029,0.0,0.00012385899438864694,0.00010134614701679657,0.00012376537730555612,9.105368770076924e-05,0.00010713992338518753,0.00010767871222769481,0.0001057374586679808,9.014185203837536e-05,0.00012861522209220062,9.975024720005701e-05,0.00010261787038235177,0.00020205283686499645,0.0001448897884437609,9.596048736810988e-05,0.0001564055988145822,0.00011954654959824358,9.26149092924641e-05,9.722367728345422e-05,9.778901862221207e-05
41,0.00013866619717502638,0.00012401866798633721,0.00011969488593451264,0.00010837948006234417,6.932485799284942e-05,0.0001981610842554631,0.000129752381804877,0.00013620986665194916,9.354472459748942e-05,7.686380600742463e-05,7.59034981151519e-05,7.576368113783041e-05,9.946775312702427e-05,0.00010767605343409113,8.983053105738796e-05,0.00012614381069473847,8.839167142061491e-05,0.00011406256525522706,0.00013493288947337835,0.00017292721394842884,0.0001200856790022916,6.946418928054597e-05,0.00010354573738437651,9.907225197952464e-05,0.00012860399046788566,0.0001199385009614953,8.79452193347675e-05,9.182526038703231e-05,0.00011588012653183729,0.0001884791641310427,7.207302211602612e-05,0.00014188871861323427,7.243792524919978e-05,0.00014845840703498766,0.00018015963887072026,0.00010160881155771749,9.161741529946165e-05,0.00011865747621213026,0.00015716838937494538,0.00012006949004969606,0.00014372808368502444,0.0,0.00011616124700880078,0.00020556371596523558,5.8001996786792235e-05,9.679851042115373e-05,0.00014330031798536844,0.0001600548135864011,0.00011637037802489039,8.16815646824075e-05,0.00011724456594250658,9.507189083298098e-05,0.00010337231259149102,0.00010719731183505181,0.00016763739322565556,0.00013730101825490902,0.000156640888420068,8.350055979904015e-05,6.67645208033282e-05,0.0001289539170147688
42,0.00012901651577687862,0.0001092018897326908,0.00012664071061487008,8.896563861570602e-05,6.371475427327774e-05,8.902333311450698e-05,9.451324530326836e-05,0.00022906500390797125,0.00012881121509613337,0.00011566754712498788,6.714696571197756e-05,0.00017241259611550772,7.4576000222202e-05,0.0001862542120558117,0.00013221491332022345,8.979616314472728e-05,0.00013221892469732183,0.0001336927992572136,8.34564750104093e-05,0.0001851163094051606,9.938412730128951e-05,0.00011202977300705674,0.00015420185162382872,9.439831468030928e-05,0.00019589698306346964,9.265676342043521e-05,0.0001342572715297719,6.429894849271109e-05,0.00015191488135478352,7.626713971824904e-05,9.58521949771265e-05,0.0001083631626115771,0.00010842978122263228,0.0001402661859659155,0.00011367677487511531,0.00015209721904068776,7.736805753867757e-05,8.313655734252428e-05,0.00010963002388367288,0.00011643888191551471,0.00013251710467136036,0.00014499586395842938,0.0,0.00011565652276560089,0.0001031245679575198,0.00012703740263468296,0.00010622811781759893,0.0001102524060190832,0.00012401306001553992,7.471906767212641e-05,8.661376190877718e-05,0.00011087333388127432,7.373362785535811e-05,7.393556070726522e-05,0.00011975307868141069,0.0001786944521356515,7.743405949902591e-05,0.00010883847032164193,7.888584998692905e-05,0.00013637949089340945
43,8.239767016299605e-05,0.00013067828059613998,0.00016593598656013236,6.291137108699618e-05,0.0001271201978103117,9.969582916728912e-05,7.163765557417634e-05,0.00012746353283117647,8.902267846010314e-05,7.295826069479159e-05,0.00012972768956591633,0.00010765332453429117,0.00010502003947412555,0.00012840983330623736,0.00012638008206458152,9.235168546646439e-05,9.351608433457255e-05,0.00016753070281569176,0.00016462840724101472,7.921647401075064e-05,0.00010515064257561873,8.015195513734178e-05,7.937933036124777e-05,0.00010760815645913667,7.0968078485329e-05,9.725833112179313e-05,0.00010389710796417539,0.00011251253930576629,0.0001061822129333686,0.00011990286882514152,0.00014485293966165326,0.00010153340795627208,6.229496555915886e-05,7.990091291803807e-05,8.422678104617858e-05,0.00010709552408110632,0.00014493000472967562,7.614539835237937e-05,0.0001253860826036503,7.98707894535222e-05,0.00012004986432342936,7.305634952557102e-05,0.00013459250749003605,0.0,7.727898971498594e-05,0.00010404584301425766,0.00012075231577016143,8.599442813709905e-05,7.939932781491688e-05,0.00011276869518132154,0.00010250175245046743,0.00011582575530161139,0.00010880939678185972,0.0001084393287147539,0.0001286093007101253,0.0002185652836580574,0.00010253882503881087,0.0001044943491797608,0.00010604969971744875,0.00011337314903492672
44,8.06897002357755e-05,6.631195889126924e-05,0.00011240644911503091,0.00013062076648960217,9.88821023705457e-05,0.00014684641463508875,5.4778408650029556e-05,0.00011394025341359443,6.31908346586245e-05,5.523507087910392e-05,8.716473850943149e-05,0.00013129610298129606,7.958564416359962e-05,9.255639106735195e-05,0.00012045116590836872,0.00010571163458412138,9.44898028881212e-05,9.418493008764513e-05,0.00010319941906316656,0.00013955833484143393,8.692784334941818e-05,0.00011097189327326672,0.00010203044569723395,9.617153414474829e-05,7.048663415417019e-05,0.0001195501114200525,0.00013513078868711905,8.3908815047465e-05,0.0001652593853346772,8.604775808963414e-05,9.32454857768213e-05,0.00011902802394245797,8.79186445553767e-05,0.00014661912505818265,0.00010739993295299645,0.00011289794554504196,8.999026597018554e-05,8.598992077792784e-05,9.721745054122128e-05,8.645860137626468e-05,0.00010840326662093342,0.00013566047718355088,0.00019388194412643032,0.00016913629337352417,0.0,8.515090866747259e-05,0.00011466693950659697,0.00012724552571087786,8.819580258344128e-05,9.153370915452206e-05,9.202408526159191e-05,0.0001027029098256434,0.0001414871143007068,0.00012184175562020722,8.822116043637117e-05,0.00014770525090415516,8.476625724585599e-05,9.138520007161792e-05,5.704818789571909e-05,0.00012230410093313376
45,0.00012088269316782847,0.00010287910026547946,0.0001455648673261518,7.153851731656948e-05,0.00014450323051212302,0.0001150218878370078,0.00011178421611731573,7.664016920324028e-05,9.279247884387891e-05,8.457949325532672e-05,9.559197960493024e-05,0.00010628364707821662,8.102941295176774e-05,0.00013366308755453763,0.00010576117283175572,0.0001095890914316844,8.153999947013355e-05,0.0001341070520643493,0.0001533932399861571,7.983862238266462e-05,0.0001081002278592892,0.00012681570816118777,7.861843353481112e-05,0.00012495237041626795,0.00010371873135630687,0.00011483842876714809,9.822023433118346e-05,7.484399422560694e-05,0.0001199275819349853,0.00012012304624816005,7.449762305146185e-05,0.0001154245667516545,0.00010362702794622102,0.00011184606578604287,0.00012662194037507248,0.0001516634740650539,0.0001850326858916768,8.66195460740468e-05,0.00022588704001607636,0.0001940187844649107,0.00015351042338615327,0.0001436247348560533,0.0001218595891313292,0.00011016527431958992,0.00015104379969473644,0.0,0.00012019923845599093,6.540008360805358e-05,0.00015818553305063087,0.000126914704672724,9.108611155657061e-05,8.707904327430119e-05,0.00011168713843394922,9.159509977319099e-05,0.00011246280097771298,0.00013277636918223562,9.278330335971324e-05,0.00017377497498525274,0.00015485630936137377,0.00012449852095262236
46,0.00011705206537552878,6.266437430946941e-05,0.00010352883310595769,0.00011499825140372664,0.0001560898678116061,0.00013181663885856602,0.00017026696313095962,0.0001143200031156797,6.539013307480837e-05,0.00014249742392279425,0.00017959217221097607,0.00012987145455594686,0.00015636613846968847,0.0001526435913935692,9.475256041227643e-05,0.00010153760767305292,7.42026464148774e-05,0.00012676525471112416,0.00010283071296556781,0.0001625757822163381,0.00014911553593226795,0.00013301602212912575,0.00016170314043398618,0.00012285157616479393,8.344809997231145e-05,6.513689135412302e-05,0.00014174697217065208,7.654208335700447e-05,9.39056480552795e-05,0.00014576544336311213,5.652354497141708e-05,8.514010789600653e-05,0.00014477228849036925,0.00011612185749363772,7.750460141489843e-05,9.841503236164548e-05,0.0001985626692171571,7.14800252921814e-05,0.00011113983055096345,0.00011201113966531223,0.00012662423763545557,0.0001956022023670555,8.804775223869479e-05,0.00015729118459675812,0.0001103531295557573,0.00010903076306929246,0.0,6.754638624699002e-05,9.574364951098775e-05,8.96566076540758e-05,0.00011462131415927994,6.811307727894727e-05,0.000202034178534289,9.262733581979835e-05,0.00019299378432881788,0.00010964578789851302,7.28719893643876e-05,0.00011856250439763669,6.284302338809572e-05,8.762496047410119e-05
47,0.00018995386969613428,6.294210915133118e-05,6.933570966958763e-05,0.00011895853931776689,0.000122554963705268,7.682766442254257e-05,6.400795953837371e-05,0.0001202238730641775,7.606250540634109e-05,7.052057772854477e-05,7.402220769725187e-05,0.00012851624326484955,0.0001528186958108039,0.0001937046843542208,7.732331909780262e-05,0.00012634953612349428,0.00015044196370415098,0.00012030633752886805,6.857659528508134e-05,0.0001283798979441646,0.000126603849142043,0.00017744681595715847,0.00010567938846742918,9.031717264340779e-05,8.313534825284876e-05,5.969240044978814e-05,0.0001549235619414625,0.0001002908367213446,8.412722253845285e-05,8.643718146654033e-05,8.481284577596423e-05,0.0001316457528459066,9.451409598784401e-05,0.00016415091658431103,7.045177344735368e-05,0.00010091254419165657,6.58401141795543e-05,9.188246698599523e-05,9.943814983638326e-05,6.575119129729967e-05,7.280654459234813e-05,0.00011821110128138592,8.800646148355952e-05,0.0001584650822703775,5.362627551943261e-05,6.880442330724784e-05,0.00010560588692495141,0.0,5.073227167250917e-05,6.282854827445946e-05,0.00010352968476187621,9.299539854492995e-05,0.00016074019289358545,0.0001150721577072063,0.0001011314119580255,0.00011850162851415627,0.0001119278339358498,0.0001249012065696891,0.00012463105144593767,0.00011210305995277313
48,8.924702599307653e-05,6.464765371313994e-05,0.00016104221406024768,7.152968437469363e-05,0.00011820634586161823,6.729818668491166e-05,0.00012680379677178875,9.53513638905071e-05,0.00010370423824654623,0.00012876818877026203,7.507622482164863e-05,0.00010500864010588421,0.00011272480327491482,8.706551202412244e-05,0.00011782689205513878,7.980783336379586e-05,0.00010472276741129669,7.371335423397522e-05,0.00010949326280123154,0.00012424783373785877,0.00014226482102210313,8.292663425520472e-05,6.860817534634232e-05,0.00010160126835391537,5.389173920328249e-05,0.00011069435051434184,0.00013023215500865872,8.440746045270425e-05,0.00010771193597486643,0.00014548318371784206,0.00011317182532326224,9.177033318544912e-05,9.720200764084927e-05,0.00011494223367450589,0.00011810385946677309,0.00010109472625318866,8.903143109712246e-05,6.125684293262256e-05,9.660234216078368e-05,0.00010234190630218245,7.08158570674417e-05,9.688751942336232e-05,8.451088945753489e-05,0.00011118250606421876,9.467104878515662e-05,0.00020016820949394508,0.00012536806277039337,7.235246259645211e-05,0.0,0.0001430982033470941,0.00011453623018850681,8.839682727010294e-05,7.290799157549787e-05,0.00012477528234545047,0.00011302331653995366,0.0001516470118416203,9.582137122619927e-05,0.0001774215441367981,7.044055569400478e-05,6.168366027026945e-05
49,0.00013166375841022477,9.918071626613296e-05,0.0002620783850697489,0.00013456919264336723,0.00013919166408591296,0.00010348041589633894,8.938096752354747e-05,0.00011667045936763191,7.441820529449807e-05,8.997790508688618e-05,0.0001457422563541408,0.00015562571259266917,0.00015823973757178104,9.403999245607662e-05,7.808015822537398e-05,0.00015584880422888094,7.750398444681998e-05,9.141033180991508e-05,0.00019440032772603642,0.00014314432464849632,7.963605837722087e-05,8.2778576791689e-05,5.9005890624954755e-05,8.467767256479038e-05,9.23448707896044e-05,9.639726163509268e-05,8.955940810006654e-05,0.0001251852554792844,8.889027549802503e-05,0.00012369223197284806,9.56148778052645e-05,0.00011821625605096206,9.464819012215335e-05,9.105042406048919e-05,0.00011293960048710047,8.244710647723762e-05,8.198404708670101e-05,8.600634127069188e-05,9.345717889574549e-05,0.0001244128043196551,9.710791716322836e-05,0.00011535192411265692,0.0001199955143741309,9.897398778691772e-05,6.646200166770123e-05,8.655314545128902e-05,0.00014115043068626529,0.000121146165928024,8.565202490989716e-05,0.0,9.406400794229272e-05,0.00010085869607728922,0.0001693766722606105,0.00010980590919700323,0.0001260652374682547,0.00019292790491177227,5.857866325539848e-05,0.0001333087252361895,0.00011054619468219861,7.13290836556995e-05
50,0.00010174558229990695,9.996506641928851e-05,0.00016930005796369523,6.309133070757307e-05,8.40270515922928e-05,6.11361255511406e-05,6.4095729213389e-05,0.00018350775067018236,0.00011277205669800146,8.50487338651218e-05,9.517806484570367e-05,7.027306842062368e-05,0.00011004691532651006,7.607700446535876e-05,7.952218034208527e-05,8.21618280549411e-05,0.0001279699114358295,8.590649627111201e-05,8.634043163794414e-05,9.896317943042246e-05,0.00012597571749770536,0.00013274966553335747,6.796164081513077e-05,0.00010134793087303792,0.00012483293375707127,8.994942542355928e-05,7.025546976356515e-05,6.939622446820968e-05,0.00014045229627598126,0.0001064392161831236,6.69884323705565e-05,0.00010890067460436921,7.231460626448612e-05,0.00014037903398007577,9.35318806783287e-05,0.00013627534975789403,0.00010074734583357964,6.728582364795128e-05,0.00014617054333267298,0.00012383856928225177,0.00011401270072360336,0.00011653684956811674,0.00010012808231723057,7.264548708368878e-05,0.00011093163722093314,9.711836100758743e-05,8.1630508707705e-05,8.931449670104064e-05,9.964873712015814e-05,5.673751827236899e-05,0.0,6.203369525877578e-05,0.00012979038509269185,0.00010857664989251796,8.193506809319228e-05,0.00015285598919932396,0.0001009870943173309,0.00010694269034875466,0.00013054122429929043,9.83851060665373e-05
51,9.569701670006965e-05,0.0001318165604185272,0.00013361569295046298,0.00013003258042451412,0.00017149184712860954,7.302873795776723e-05,0.00012062063573558541,9.807615432646342e-05,0.00012643961989936974,6.493348513283147e-05,0.00015636285275615774,6.942553259285246e-05,0.00011220677637473795,0.000110846426384672,6.042110751004956e-05,0.00011136677101382278,9.962388568977465e-05,9.368879199115872e-05,9.267880466570842e-05,8.83243959981665e-05,0.00018384260934613,6.245088567113292e-05,8.268493262679202e-05,0.00015383041546206442,6.211022157042573e-05,0.00011713310360015854,8.687466671175863e-05,0.0001561345295045481,0.00011208352068601841,0.00012290534217762348,0.00013195369071281534,0.0001255890380661378,5.553531431086353e-05,0.0001049099979939378,6.453077782714684e-05,0.00013373799822795034,0.00015674600208235825,8.095578354254327e-05,7.924562112542806e-05,0.00013614513795287463,0.00011918361599957641,0.00013589894207555306,0.00013257963486950809,0.00011198384846786544,9.566170803409287e-05,0.00013518245645519262,8.162485369882969e-05,9.135376727005721e-05,0.0001060199088551921,0.00010798980388438754,6.576115690878228e-05,0.0,0.00010056710496799941,8.40704200107975e-05,9.948820755466972e-05,0.00020707010370595206,7.186823022415336e-05,9.690611755711221e-05,0.00015308155317804702,0.00011276263653374294
52,0.00013198041473342045,9.287680013131599e-05,0.00010276351669803805,0.00010400361141508309,0.00011179765890624849,0.00019083161824106444,6.472884798031027e-05,9.515725276747401e-05,9.387448693452962e-05,0.0001363804248984012,7.979980035885306e-05,9.116043425105685e-05,0.00017235857487392793,8.878213332809058e-05,9.097958013673666e-05,7.674751798453465e-05,0.00012825300409790202,0.00017308441455822341,0.00012554216727013408,7.344057103234495e-05,0.0001933509268493926,7.246944684743807e-05,9.043224083082684e-05,9.993702440552746e-05,6.985284788161687e-05,6.961739374474642e-05,8.460198267512828e-05,9.306767145165843e-05,0.00013338621079335961,0.0001285265519920121,0.00011410648208406869,0.00011374841822571417,7.94049332970491e-05,8.16815727866868e-05,0.0001255452984654853,0.00011149629714381154,0.00011090426544317628,6.4907382533615e-05,0.00010250381549130329,0.00014228968569646657,0.00010655696732516516,0.00012715114377056556,0.0001282154429335099,7.439326862104375e-05,6.77661215184016e-05,0.00023128925127261502,0.00015583895148471867,0.00016396689262677784,9.243790397761756e-05,0.0001232273361631577,9.198163983006606e-05,7.20605787027109e-05,0.0,9.00105531793616e-05,0.00015947170047057445,0.0001297674477193488,7.975147162463526e-05,0.00015251718576162808,0.00011120241555495448,9.260365936785335e-05
53,9.340979053763129e-05,8.350007071635208e-05,0.00015655616840594172,0.0001259859688087502,0.00012215407464337698,9.662667910664798e-05,8.454623102073738e-05,0.00012189460084195339,6.646888178706509e-05,0.00014932145021136,9.853041656262949e-05,8.365469523735927e-05,7.656446245257699e-05,0.0001370215417719507,8.848050152411112e-05,6.709414299177827e-05,7.880258177524742e-05,0.00015462459224202546,0.00011058189258970273,0.00015185030479154276,0.00014343121129384181,0.00015060003915962964,0.00010422912961383493,8.637417767137023e-05,8.878996514484178e-05,5.940024917408197e-05,8.541299201028006e-05,9.081166811812474e-05,0.00012857171279875173,0.00013773916730488233,9.528032311055912e-05,8.89093071781164e-05,0.00017476801390646057,0.00011907051251418922,0.00011406340793006411,0.00014701754033216824,8.972758645354107e-05,0.00011493849445294497,0.00010677491653524918,0.00010374348898137807,0.00012311209001098248,0.00015809345970854398,0.0001326983052854826,8.423272258987291e-05,8.871844870521806e-05,9.29573198793464e-05,0.00011504554929137766,0.0001311782262467036,0.00012222445773306243,0.000161099399625358,0.0001143840937868198,8.684831060165605e-05,0.00011391752508622762,0.0,8.62574772002161e-05,0.0001472917199288034,6.872479226043747e-05,7.495756903203154e-05,8.372767135719533e-05,6.231318718065299e-05
54,0.00016251775552592008,7.910499622097332e-05,0.0002021702689973453,0.00012450541002909573,7.15478398798209e-05,0.00012054495428892715,0.0001691374780591793,0.00012574039549716288,0.00016210075108864653,0.00011620495278369893,0.00010258532004907644,0.0001166097491700576,0.00011476254802200872,6.44720615173086e-05,0.0002167266528235595,9.940787797032439e-05,9.151002445216154e-05,0.00011802895606811965,6.465537014485752e-05,0.00016572833036252713,0.0001250273659247784,0.0001301359115798954,0.00015340125117968722,0.00013128677553572707,9.615209776212976e-05,0.000159172747808243,8.487158347812037e-05,6.771905143685465e-05,0.0001438958703238594,9.772398067274594e-05,6.868215623301793e-05,8.540432925282442e-05,9.268885346263838e-05,0.00013601013329152056,9.820514333473756e-05,0.0001277723735781652,7.620354204134198e-05,7.291823930427523e-05,0.00015669888737507954,0.0001469344616615016,8.165230045153972e-05,0.00015725435559425238,0.00014058436571063367,0.00011916178124316508,0.00013697944223052958,0.00010776178823224471,8.304253434973741e-05,8.827188841175773e-05,0.0001161637037508787,0.00014630450784433938,0.00013168797414423881,8.321211060047825e-05,0.00011884269450253156,8.885242533585709e-05,0.0,0.00014639165453599932,9.585792760597672e-05,0.00018714134020750308,0.00017259458839104352,8.341837653493933e-05
55,7.317183419537976e-05,0.00010401758707406101,0.00018857320616828395,0.00011626003143626986,0.00013654212425792125,0.00013796758659934293,9.624714629021698e-05,9.390488595723314e-05,0.0001017573761241346,9.634587675047264e-05,0.00014142749749109212,7.559316413693483e-05,9.883124907550022e-05,0.00015303497959612188,0.0001057629946003021,7.758856136763982e-05,0.000125977388544553,0.00010604771893416845,0.0001229597812943241,8.424608104107666e-05,0.00017194680599592362,0.00010988998771095079,7.754273391573e-05,5.60046370868415e-05,9.046186902856809e-05,0.00012026124684668873,6.417557143792149e-05,0.00011794386873425393,0.00015951012210426227,9.579062292257867e-05,0.00012353412849971777,0.00013463886184073286,9.88441554431985e-05,0.00013038145201762686,0.00011566207131304482,0.00011501871418545776,0.00010940136679265164,6.600369334866427e-05,0.00013759106011756764,0.00014885988708138225,0.00012150023914199096,7.886644265562246e-05,0.00014396831751966897,0.00010213302375458292,8.74366459739494e-05,0.0001264766956039173,0.0001326639946044867,0.00010299779743592448,0.0001352086540630567,0.00015207547885232481,0.0001481478811077186,9.50142089422664e-05,7.477837696492635e-05,8.006651766594984e-05,0.00014887558289145334,0.0,0.00015044936438946832,0.00018733011877218765,9.863284797723113e-05,8.164932165685972e-05
56,0.0001223392871002414,6.912969505908107e-05,0.00011126562827156295,7.963405025312535e-05,0.00011056645786376007,0.00010104206154065172,9.581181873992547e-05,0.00013711146040642225,9.788567217396605e-05,0.00012679141019635742,0.00012902666240800266,0.00012933705794091748,0.00012000648019204509,8.305493785817314e-05,9.191227183618295e-05,6.322042238920497e-05,0.00012355104134047478,8.208729700547226e-05,0.00012501424542536827,0.0001243538524174339,9.078228333554255e-05,0.00010058902886141815,0.00010213788962156797,0.00010247597308072618,0.00018074402051365787,0.00010490949503717543,0.0001710350088075006,0.00016202302742932258,9.57480170383549e-05,0.00011753514030966675,0.00016173416552452884,0.00010968942597750643,7.211684867492901e-05,9.246040340103765e-05,9.306796696672214e-05,0.00012514393495801127,0.00011476485534740808,8.526499499645559e-05,0.00014972376963464748,7.59533107246431e-05,0.00010951515990185285,0.0001232242748612747,8.909783754851331e-05,7.320563144552388e-05,0.0001160472982491976,0.00012776121613197294,0.00011816216504377349,5.692540431399941e-05,8.645977843099015e-05,9.535160507006026e-05,8.371137452115322e-05,8.558723046888155e-05,8.887240281225928e-05,0.00016143130880577614,9.564357404535227e-05,0.00013338591877169292,0.0,0.00011430235556090754,0.00015909015636672008,0.0001196572009672252
57,0.00015897626380628911,9.253919198541562e-05,9.186394720894746e-05,0.0001994566418048229,0.00010414369686904085,0.00012135651222203231,8.385473570808709e-05,9.352523598143502e-05,9.827975915118241e-05,0.00010286637036976689,8.633857996686082e-05,9.276971920071003e-05,0.00012697422234626238,0.00010006125934584718,6.823816732105386e-05,0.00011302787363333005,0.0001016196978550241,0.00011635018884882104,7.635602880060429e-05,0.00013987334572002457,0.00011898473993942448,8.509938447041028e-05,0.00014077521932542216,0.00013051796798989521,8.121168973315746e-05,0.00012315046488412781,0.00011601944185180211,0.00012381089768483738,9.610580236236062e-05,0.00014383363197559984,5.7374031650490066e-05,0.00011011518617049825,8.945281626280143e-05,0.00014902423025499507,0.00013455794466411044,0.0001522607000717071,0.00012384431269419686,7.535805815368173e-05,0.00011580978096945369,0.00010555206477518368,9.68377111051889e-05,0.00027456848359510135,0.00014308453962340708,0.00014303871871096274,0.00012720099469868779,0.00010666307957254729,6.6712701583846e-05,7.03346169896521e-05,8.01917543484856e-05,0.00010264242600047374,0.0001170055083173785,6.748592503028784e-05,7.621737990251868e-05,0.00011201865042307367,9.414119676647207e-05,0.0001215244538396322,0.00012130110719734118,0.0,0.00011939618403986459,0.00010857522152487869
58,0.00016003649580108726,0.00010466247506106454,0.00019636330696708884,6.502918092148555e-05,0.00011918811044936615,8.169487527563942e-05,8.147654686273739e-05,0.00015298340838587623,0.00013654800431954874,8.785764984472646e-05,0.0001384137596526258,7.17659821386287e-05,8.917519308895466e-05,9.808104291079316e-05,0.00012772982153111786,9.941309400157232e-05,0.00011857235702967445,0.00010513186873617167,0.00013539185911865318,7.242216661717411e-05,6.872864099966364e-05,0.00011199294062279418,0.00010074109277955507,9.108326155648827e-05,0.00014108428471947248,0.00015708161043270858,0.0001353033353691626,9.101737084569172e-05,0.00012860114903307242,0.00013315480119191345,9.974914229998818e-05,0.00010516349299000046,6.980060093190401e-05,0.00016054177779241616,0.00012378218112218148,0.00010873163552401273,7.396504310753608e-05,9.655556282932003e-05,8.87974378002619e-05,0.00014828405382976545,0.00015969665413361644,7.229514757654026e-05,0.00019749380517270753,7.213489646711727e-05,8.569659022419095e-05,0.0001017498732036532,0.00010406799771270287,0.00014126872159168357,0.0001402894006867347,0.0001612626948820813,0.0001289353240771649,0.00010552773531543336,0.00013597358783197242,0.00010622410028107494,8.845399925082441e-05,0.00022291945970882995,7.892680188346272e-05,0.00012575042798657028,0.0,9.664050813878558e-05
59,0.00013627882699639724,5.5637158130865596e-05,0.00019328719470709566,0.00013511423996067707,0.0001403343684696645,0.00016215260418711144,0.00010890319466401711,8.635649193984332e-05,0.00012467471451754492,7.05566931495e-05,0.00014314177846589242,0.00011837589574422989,0.00015472970982517335,0.00012451041770444982,0.00015527058123643607,9.719919578705833e-05,0.00011829833001334159,9.230987374128513e-05,0.00010098356080503722,0.00017680057990809763,9.616253344989673e-05,0.00015127504415972455,8.55319193747352e-05,0.00015868994656304127,9.962217492842362e-05,0.00020159671394046077,7.80765493093769e-05,0.00011851648981393121,7.759954516798393e-05,0.00011579800380805387,9.025715538731101e-05,0.00012284324944162667,0.00013037528719063438,0.00016352900227277318,8.27488237656843e-05,0.00011246499892495184,7.403166200771588e-05,0.00015883133900143867,0.00017468856612858598,7.005844025459797e-05,6.506085568642535e-05,0.00015537448908630006,0.00010387943561831796,0.00015307232197689854,0.00011705599049887626,0.0001008968219681853,0.00013165121558571369,6.519529669606571e-05,0.00010910482791394612,0.00011565129108914276,0.00013184827632358844,5.9226775325872404e-05,9.52830603877242e-05,0.00011731389734824013,0.00010311435022581074,0.00012141562165392044,0.00011072496358976533,0.0002255487707859617,6.683843830498557e-05,0.0
