,0,1,2,3,4,5,6,7,8,9,10,11,12,13,14,15,16,17,18,19,20,21,22,23,24,25,26,27,28,29,30,31,32,33,34,35,36,37,38,39,40,41,42,43,44,45,46,47,48,49,50,51,52,53,54,55,56,57,58,59,60,61,62,63,64,65,66,67,68,69
0,0.0,9.671016928337836e-05,7.643672263809186e-05,0.0001942045436828495,0.0001355597235606442,8.372409053478796e-05,0.00010690538205838416,0.00015783485585452487,8.010043166643444e-05,9.171250724585088e-05,0.00010756843507232643,0.00013189225066864946,0.00017273509115363459,0.00015169156258711903,0.00014670406174500076,0.00015840498268576852,0.00011662478906246344,0.00013353855070448396,6.917761148315952e-05,0.0001412060837139914,0.00010252587383514228,9.35312379540296e-05,8.703993428996141e-05,0.00013794374751170766,0.00017330407403084877,0.00016302582606354007,8.758460136279677e-05,0.0001877465434517099,0.0001220042802270928,0.00011472335793621606,0.00011856612059098067,0.0001304934496699362,9.19831854069289e-05,7.071698922131125e-05,7.9151762844093e-05,8.561682408682785e-05,0.00012282917652548891,0.00010888721087292825,7.674706920531197e-05,0.00011557329996471042,5.600822230216922e-05,0.00016009874350076569,0.00012265252754755447,0.0001322420361737738,0.00012242242841323334,0.00015498085823247902,0.0001306435562226386,0.00015752259169756315,9.796345816717114e-05,0.0001447806217822123,0.00014850720799651956,0.00011000033911032396,8.194493068379044e-05,0.00014085291540182277,0.00015584559092409177,9.328032883584485e-05,6.642286574516585e-05,0.00010480978911969544,0.00012085824369638181,0.0001446101144962832,0.00011205437795552579,0.00010761760787934122,9.157718409340664e-05,0.00011770942581288672,9.414854665692579e-05,6.646219200554626e-05,0.00020821315399176498,8.57968617017412e-05,6.306636964485307e-05,9.345262787678305e-05
1,8.2810827017005e-05,0.0,6.802189283050726e-05,0.00013049160109158503,0.00016702124840460087,0.00010416766090852315,8.695425848462527e-05,0.00010178470775517243,0.0001079168158829932,0.0001327011125564335,0.0001639200959232009,7.507410421079912e-05,8.40832246053144e-05,9.718322895844394e-05,8.623411300611858e-05,0.00017452597289038975,9.046590604201552e-05,0.00014725475855164954,7.848745196867048e-05,0.0002436138859684125,0.00010657131112998795,8.809513754536811e-05,0.00016489110387397468,0.00011926780115124536,0.00013831238790395296,8.730456578930725e-05,0.00011558750590087339,0.00011422865612202485,8.160080182560115e-05,7.606992948198627e-05,0.00015426487408490232,8.195568143747167e-05,7.214033017965984e-05,9.055656021800234e-05,9.61349389960154e-05,0.00016171568562113194,9.324542707008118e-05,6.264253124486139e-05,0.0001236110181339103,8.353843320554214e-05,8.270997718783462e-05,0.00010506336984856094,9.941277889337532e-05,0.0002619199795630774,0.0001300721386491288,7.405823678315224e-05,0.00021991540234034778,6.328890505638371e-05,0.00011311131537407182,0.0001251222239869242,9.996758683198389e-05,0.00011521213055036504,0.00010577610889560153,0.00010895730326307247,0.00011462485228530207,0.00014365714457606555,0.00016705859594009942,6.788715445988894e-05,0.0001380065153944677,0.00014010412709459082,6.532431388398253e-05,9.002090376487375e-05,0.00010480366532044024,0.00014571411528353995,0.00020154941488819623,6.603582719673665e-05,7.437512554234394e-05,0.00011102345177191907,8.787867100565696e-05,9.9414064140553e-05
2,7.420777482984006e-05,8.816697818684192e-05,0.0,6.178723402793793e-05,0.0001006979900789212,9.926364308617668e-05,8.519965500431917e-05,0.00014259860558144392,0.00012753352044914321,6.827932941254852e-05,8.285736262693317e-05,0.0001833009959342946,0.00013134422932653675,0.00012287258359430068,9.839898298753835e-05,0.00011709459638813733,8.016222038868999e-05,8.6662959487139e-05,0.00010599051955015207,6.583774661862581e-05,0.0001698373264150705,0.00011792599942304955,7.820866302971831e-05,0.0001136703009280701,0.00018404703150485394,0.00016718382654707907,0.00013697526622832908,9.564198862215274e-05,7.939917930991287e-05,0.00016557482083625705,0.00011206091218218572,7.458147843744017e-05,0.00012427686247290255,0.00019046040293050799,8.936724789451065e-05,0.00013378302259367262,0.00010200565846082747,0.00015505684862279068,0.0001427038011717986,0.00013752034008553148,0.00011272821252766831,0.00014726506356021774,7.76885773757345e-05,9.78671476534606e-05,0.0001079805949723817,7.343013051024537e-05,8.172752934543475e-05,6.411262588659778e-05,0.0001343460149542361,8.042229262237498e-05,5.7606250919671024e-05,0.00010275283656866732,0.00017105406199881525,7.078535318631862e-05,0.00022809557996503896,9.552855335084587e-05,0.00014461284588524368,8.121844995885298e-05,8.307626415433487e-05,0.00016687334941745867,9.396631450421831e-05,0.00015096820030983477,0.00012175656106707203,9.344128036011715e-05,0.00012112051503393136,0.0001353724880106461,8.379824071480592e-05,0.00012745949030468044,5.640904957005385e-05,9.574738380205271e-05
3,0.00012314784461786988,0.0001403864967841767,0.00012086332004093098,0.0,8.471086034489245e-05,0.00015276137148909953,0.00010594116917924594,9.067350293510501e-05,8.330223323540108e-05,9.790191931276218e-05,8.66317527279729e-05,0.00010651953659197066,0.00016088419791477192,0.0001341562717956782,0.0001191071667267023,9.779387041896877e-05,0.00010287895731583729,0.00011103654763545342,0.0001640682059702874,0.00014775642794064562,8.294840537121056e-05,7.572745267797254e-05,0.00010628526255929035,0.00010371445563644195,9.757354017034466e-05,0.00011873895179433624,0.00014003646203957943,0.00010703853139705387,0.00014442337333084887,8.866402904120223e-05,0.00022865195791575292,0.0001550625254428137,6.0856152342515794e-05,0.00011089990827780058,8.985821778146596e-05,7.093346420677275e-05,0.00012386089863326667,8.411844028034737e-05,0.0001226778334325386,9.089498804184164e-05,0.0001278866803126594,0.00010903374971864623,0.00016833343435181404,0.00016146008486050303,0.00010952281758255233,0.00011968042544963064,9.24938591536589e-05,0.00013447734260544307,0.0001936372779013112,6.463827019140503e-05,0.00017530299140930525,9.752624891315022e-05,9.64913769039445e-05,0.0001443061487249515,0.00010170300360888318,0.00010033099946411363,9.01657058226038e-05,0.00012810871302903218,0.00015123270621497493,9.690285210219967e-05,0.00012549766876834191,8.35287828844321e-05,0.00012960152424034243,0.00011441325310111739,0.00010402585703230409,5.822683955709598e-05,6.643560369093156e-05,0.00010482698786821978,0.00011512705283581096,9.522607641428687e-05
4,0.00011751821796848409,0.0001200347926463252,0.00010256057669595069,7.419665409961673e-05,0.0,8.446513913021876e-05,0.00010797805046557184,0.0001003245051873202,0.0001639879079192912,9.861986012792492e-05,0.00012656222692313966,0.00011127923206006598,0.00019519501348275628,7.585847057645193e-05,0.0001631697901819257,0.00015780385874154996,0.0001001998770168094,0.0001311970909883885,0.00015348287417900252,0.0001023534545670906,8.840235114189132e-05,6.173158828176859e-05,0.00011432184652707675,0.00010257750119070284,7.672440748995459e-05,0.00012087327084550899,9.707277044189738e-05,0.00018533761053378392,9.457724103518722e-05,0.00012207083408597566,0.00016323365357384615,9.076055398531798e-05,7.278486910875706e-05,6.464604985488886e-05,0.00011331542234077696,7.815916403718654e-05,0.00010939560122743864,0.00020408084745803315,0.0001625663539893001,0.00010713822264162132,9.888209479998415e-05,0.0001525221830330004,9.129338124763364e-05,0.0002128295482685733,9.552010893837441e-05,9.533551659731276e-05,6.154669834479162e-05,0.00010418602992822863,9.968009044895592e-05,8.30137747052026e-05,5.8846634732821606e-05,9.051085315341076e-05,0.00010747856463499793,8.309500821673788e-05,0.00017482978235933757,8.924587888770184e-05,0.00014852074486522966,0.00014853448628967836,7.825816138424928e-05,0.00014961858054339465,0.00012831704066457948,6.23827707849603e-05,0.00018256966851788183,8.975237340568222e-05,9.400485984270823e-05,0.00013490035978569025,9.333942595961428e-05,7.453454888484459e-05,7.089985759952338e-05,0.0001397493555667833
5,0.00011159793025145747,0.00012045221262031742,0.00012253350699215022,9.825866246953555e-05,0.00012205311817775043,0.0,7.826384939286252e-05,7.407475947578388e-05,7.046821985862737e-05,6.926063087783975e-05,0.00015708411528154756,0.00017451261849748214,0.00015833682116105668,0.0001553380876800716,0.00010705025636142928,9.173523946112861e-05,7.853710492213306e-05,0.00011613516787970596,0.000104371309160508,8.694753933033956e-05,7.734320582137047e-05,0.00014731817868236119,0.0001376254196868814,0.00010654194088690208,0.00012964235376306907,8.321297324275428e-05,0.00010312357146241773,0.00012450063036616976,0.00010768869850727194,9.047544650097559e-05,0.00013564559879825278,9.122921963549962e-05,6.70329511610231e-05,9.35100222593578e-05,0.00011530441238738987,0.00011036796991059372,0.00012672460680825785,6.867431499581617e-05,0.00012404361240902093,7.295708099714948e-05,0.0001433084069559864,0.00015760871367609776,0.00010079914252244867,0.00017822459646064175,0.00010478924394218716,8.760076678147345e-05,0.00011427379737417917,0.00012755013739065152,0.00016052210421025646,7.707413586570881e-05,0.00015130280580176111,8.114539515063819e-05,7.930488578513612e-05,5.793358982129643e-05,7.984507319305751e-05,8.506031060527692e-05,0.00013707311309572604,0.00012767924183559081,9.495699876534414e-05,0.0001408793339248775,8.709924103881239e-05,7.309610096549434e-05,7.04598360745565e-05,0.00013541772230936424,7.485252429091787e-05,0.00010507552588012488,0.00012324428250604208,0.00010160990051248214,0.00020381676318534706,7.393536452701831e-05
6,9.033979301063114e-05,0.00011219735116107417,7.364501362873221e-05,0.00011610752059147073,7.610102809056164e-05,9.425496261646315e-05,0.0,0.00011448762023682952,0.00012839447899538374,0.0001027385305313229,7.599404724072445e-05,0.00018984347928281928,0.00015930783219216582,9.945855398686998e-05,0.000183461431373984,7.392080742700167e-05,5.929316431139129e-05,0.00010968805234976345,8.882437417643901e-05,0.00010066961936261178,0.00011822064185711985,0.0001503479700163623,8.071612098325905e-05,0.00013486333292535193,0.00016961937189408113,0.00022244647523926868,0.00010608553302231842,0.00012914850073369996,0.00016348523460902686,0.00010694242869394447,0.00010626832489265947,6.659820414817814e-05,8.359424607298699e-05,0.00011438881446539697,7.263639718833657e-05,8.699763854591742e-05,0.00010052292602931274,7.7469349626647e-05,9.673664350592037e-05,0.00019304787609316436,7.153406227393766e-05,7.747268275790595e-05,0.0001430774250696369,8.846370427735774e-05,9.313162848111913e-05,8.990516942543875e-05,9.177731312894852e-05,9.532277196280541e-05,0.0001585312624657244,0.00013585774513271765,0.00016592835330974463,7.947686748765821e-05,9.909446947481839e-05,0.00010150754211005004,0.00013843701843625002,0.00012007352790934393,0.00011522938752427077,0.0001159216581348067,0.000126348753750886,0.00018157025320851287,0.00016523172041013582,0.00013718986843335278,7.3793291176769e-05,6.776193109676245e-05,7.861228060600376e-05,8.894447104385038e-05,7.804618672821608e-05,6.919253175986014e-05,0.00010862313250936192,0.00013416386585698642
7,7.950858470794737e-05,7.682817536586953e-05,5.795532083157041e-05,9.625759747734718e-05,6.099698137129293e-05,6.496682253150787e-05,0.00010769191946730034,0.0,0.00010417654363167231,9.021044158671945e-05,0.00012221797984545796,0.00010288302399533695,0.00020721111267076666,0.00015294755373822906,9.445201840375493e-05,0.00011972379655799574,0.00015695200602960162,0.00010833163312107517,0.00014101954706214088,0.00012715642961858977,7.886184169885906e-05,6.762701417043359e-05,6.790334350067542e-05,7.447877060476834e-05,7.632333076214626e-05,0.00011342326804028731,8.919289381271692e-05,0.00012370789988253825,6.724650216852656e-05,9.897153024111126e-05,0.00010026884456259682,7.291334556537021e-05,7.847666668613303e-05,6.658134296738761e-05,9.27884931313237e-05,8.966759509814776e-05,0.00011477574746063965,7.489970982549443e-05,0.00016923408211908477,8.88032797793907e-05,7.253994509199833e-05,0.00011531696955495719,0.00015984875207634356,0.00011605816942868047,7.35813257972238e-05,8.420841044306364e-05,0.00011356786103197099,6.8847976750646e-05,0.0001794481177649455,0.00012377212391355817,0.00014229411112214204,7.094208957821325e-05,0.0001412823349375037,7.196895744877345e-05,0.00016357906935722492,8.556919150613351e-05,0.0001209417366150303,0.00013356215289055508,0.00010847315440941486,0.00015982475756136795,0.00011895038521228827,9.969163500377041e-05,0.00012696798963526807,8.829987181130097e-05,0.00012185052845711567,0.00010440006158710257,0.00011200440591480168,0.00011338758819792147,0.00010462127534157045,0.00011979181577517883
8,0.00012779867729562295,0.00014106540913503033,9.864691194924446e-05,7.106627740233643e-05,6.32696694681659e-05,0.00011416436777308416,9.964595448453985e-05,8.059985836322226e-05,0.0,7.500221484915314e-05,8.011274287098555e-05,0.00011724768151975389,0.00016054360040140177,0.00012029533719523811,9.568380964833993e-05,0.0001543734893539078,8.572729606707278e-05,0.00015221228301677046,6.500687476871938e-05,9.489235996394966e-05,8.744079913855072e-05,8.469068250321391e-05,0.00018420916635201827,8.972971291503214e-05,0.00014792501750138067,7.731078919409563e-05,0.00015836547623064654,0.00011554607746136472,0.0001115399565497111,0.00017177532470554833,0.0001559667974407727,0.00011607741029002588,9.10555665337864e-05,0.00011600169263981641,7.442352278813741e-05,9.586836025204658e-05,0.00014636570458281264,8.26428087067974e-05,0.00013483811260440768,0.00011269710142575952,0.00010348254509835663,0.00016356477741838116,9.08065808131812e-05,0.00014166312556917985,0.00013835851735114914,0.00014787246786761028,7.076735294252575e-05,9.357059954763883e-05,0.00018892144847162915,0.00010487370060222308,0.00013946459087728276,0.00013465732277319272,8.589469154651165e-05,0.00021230173983185352,0.00010676217434929644,0.0001615334931833917,0.00019081737324929134,0.0001124799508021763,0.00011347012654316947,0.0001691076571208473,0.00013768877213357524,0.0001321737235836448,0.00010565363949823208,8.052998602186217e-05,7.558613371060656e-05,6.006526768536697e-05,0.0001342485514555448,6.410040669995037e-05,9.421867031879414e-05,0.00011452904588498581
9,9.829103383514078e-05,0.00010185320204524057,6.269653402844248e-05,8.819609517063137e-05,0.00013253258435848685,0.0001825499614814528,6.394459890057968e-05,0.00011442311304112248,0.00016563623944830156,0.0,0.00018589003404365342,8.716533902441395e-05,0.0001701407828145436,0.00011476674393568167,0.00012818004269216923,0.00011568960761848646,8.987218745239899e-05,0.0001865883180606188,0.0001985720913522948,0.00010415868887481769,6.84337054472893e-05,9.413420603440795e-05,9.686890378149216e-05,9.324750226385618e-05,7.838795499476078e-05,0.00011169300944898835,0.00011478565992809847,0.00015949398893247554,0.00013310327342552588,7.694042877443878e-05,8.966399765732132e-05,0.00011107746748754675,0.00010136438151869962,9.276185131806249e-05,9.148697686091105e-05,9.399459910517504e-05,0.00012277779817272737,8.759246448419098e-05,0.00013331898133545693,0.00012945200085006853,7.685855765427474e-05,9.159404955992844e-05,0.00015509300218640676,0.00014551189305076092,9.58746287991498e-05,0.00013295466973093687,0.0001221802745642954,0.00012474332043267038,0.00010550098933317143,0.00011026763756173998,0.00010896578785798496,0.00011726098871776761,0.00012262565650419824,0.00015930323321975697,0.0001364519589667086,0.00010217878447044834,0.000205332964014476,7.672549815831673e-05,0.0001421957312202949,0.0002026219169235552,0.00011556443119507577,8.764156717326462e-05,0.0001242803292848103,0.00016290285029212228,0.00018381117602198587,0.00011826132310238324,8.002283021538384e-05,0.00010549938637323355,9.232763868328623e-05,9.893906486176876e-05
10,0.00010574134385069507,9.038919236539396e-05,7.413745038679491e-05,7.38037286642386e-05,0.00013750420807187436,0.00010748911203319,5.522962094391228e-05,7.207348714772216e-05,8.937326891038554e-05,0.00011073880233210846,0.0,0.00014112138536688903,0.0001943605344006611,0.00012813357787360948,6.141008329430138e-05,0.00011437072318117803,8.405026540409162e-05,0.00013151963198829953,0.00010784749603142302,0.00012936693949357317,9.287829367513045e-05,0.00010463507356512215,9.896064392384048e-05,0.00010656007401577839,0.0001421141003721558,8.550103066529926e-05,0.00019925440391679397,0.00014102463379784378,0.00012761724771334404,0.00015064418250618095,0.00010305106899371032,0.00011481924509595936,0.00011722833594454014,0.00012218466036198673,5.9788263877410697e-05,0.0001619943049859607,0.0001788708298292552,8.700005092426777e-05,0.00019924414311657545,9.791588857436186e-05,0.00010814985188468928,6.840233562656244e-05,0.00012394125412556358,8.05848660802781e-05,0.00010954777652278695,0.00012737470346166547,0.00010241139059682663,8.077253736170412e-05,0.00011040620144846856,0.00012579494347524003,0.0001335952773697416,0.00019229373816139538,9.253032807761238e-05,0.00012643834228495156,9.695905917858902e-05,9.809025360722977e-05,0.00012955469596267878,0.00012346593895562157,0.00016755435509921047,0.00012220118770036364,7.247026843509447e-05,0.0001528024942896341,0.00014014394417797443,0.00011942620251890646,0.000124541541369277,0.00010033963692550407,0.00016953480469001579,0.00011598523137739485,0.0001073272044393307,0.00010034037750890584
11,9.706120446673442e-05,7.256361988077562e-05,0.00012961392880043028,7.230977788316354e-05,9.827007184323329e-05,0.00013487772656389183,8.821319489087552e-05,7.905665997263355e-05,0.00014264609841362273,7.491292016621422e-05,0.00011571466271905761,0.0,9.939206960513403e-05,7.857491906671867e-05,0.00010771527740784841,8.074421484824661e-05,0.00015288061455225892,0.00011153116213496232,0.000131342608833537,9.00205425366857e-05,9.962540460241603e-05,6.601249553908687e-05,0.00017429884598934764,7.824282385886015e-05,7.366943078189364e-05,0.0001090861977429753,0.00012896567311945962,0.00010291409008487127,0.00015012958910616203,0.00020173024111632082,0.00010665921220424382,0.00011109471721746024,7.834227092854048e-05,9.20326039274594e-05,0.00012182168552237352,0.00010668807300877512,0.00011303090381410966,0.0001124860941263412,0.0001304971419177981,0.00011151224928651728,6.259057085650738e-05,9.499093601031576e-05,0.0001463158118941203,0.00012053769267365857,0.00013213607312182788,0.000127729740927827,0.0001201678849403735,7.545512630667333e-05,0.00016048645900056157,0.00012649888503156787,6.272237341319769e-05,0.00012849918321941985,0.00015336549018472713,7.578410898816108e-05,0.00014261890043705964,9.34394534507904e-05,9.617700883036448e-05,0.00014219403119544827,9.877360785809106e-05,0.0001063966370345957,0.00011200804277912017,0.00024305068165261678,8.635686927512765e-05,0.00014515502575746469,0.00013196081247903786,8.895887740642646e-05,8.627255853602776e-05,6.474657932098186e-05,0.00011802477465896532,0.00011938972960065729
12,0.00017230236348938664,0.0001180549035432831,0.00015011693642542553,0.0001743197289715788,6.762737988219767e-05,0.00011829804519182616,0.0001051887153612773,9.685614870801339e-05,0.00018471318821702314,8.305191829206603e-05,0.000114101429970853,0.0001522006057183001,0.0,0.00012584218647983722,7.094943696854762e-05,0.0001954064771565448,9.669742436508475e-05,0.00016227595599874382,0.00010279923584326673,9.391936416199375e-05,0.000139683655706281,0.00013838770347076207,0.00013765078634327024,0.00013805113760953706,0.00020278075962396164,9.491770485764999e-05,0.0001010070805348112,6.164614496236233e-05,7.536930048755697e-05,0.00015761102155124751,7.841435228066797e-05,0.00014083246670087304,8.862712163739828e-05,7.588686456461102e-05,8.067334599585297e-05,0.00011448743520195243,0.00013682733620548973,0.00011251570596671613,0.00020475857435533644,0.00010835908536874487,9.241338558405276e-05,0.0001537439810590404,9.389025895179425e-05,0.00019255059061465516,0.0001998307819513475,7.832116744096792e-05,0.0001381305709176973,9.468089054489588e-05,0.00017017350786682897,0.00020279145036211627,0.00010865445431079933,0.0001565788488772955,0.0001439080153660768,0.00012084525354938557,9.749227551970495e-05,0.00021682644436730138,0.00019908873160852316,0.00015532150826735194,0.00018436092914764202,0.0001321262646525338,0.00010771953618044958,0.00015701991156837685,6.924744438807355e-05,7.438637996655312e-05,0.00011902642286823578,9.927900910308848e-05,0.0001348669286601517,0.00018633044775285946,8.381110433935133e-05,0.00015667055953275336
13,0.00014318778690483063,0.0001659298250111697,7.45788397132387e-05,0.00011332853852744356,0.00010053933787089197,9.788273155220295e-05,9.006115430641051e-05,7.301913070909279e-05,0.00010829695375378193,9.735271321180895e-05,0.00010913814315416746,0.0001311563210970899,9.196286063740963e-05,0.0,0.00016744861847567253,0.0001317838949042726,0.00015316755104283875,0.00015486490909168474,7.264588894063908e-05,0.00010480992972469799,0.0001232947754916197,0.00014415285868882614,9.481109404565174e-05,0.00018563873508565366,0.00023347699678916286,0.00014047136735339968,8.168098653333163e-05,0.00018610589615797215,0.00011842917519224182,7.533228264933336e-05,7.78020693048307e-05,0.00010600612547385697,0.00012461217495890724,0.00016294866355583633,7.583845509769437e-05,0.00010168623591388875,9.916063216756952e-05,9.89879106450642e-05,0.00019734916681894,0.00013220753619470167,0.00010050781484264565,0.00011595834612780111,9.782402372949136e-05,0.00012472786412624006,9.50551790623033e-05,9.83267339791064e-05,0.00011393190614412477,8.685577988626206e-05,0.00010962752848340069,0.0001430281978446543,8.594701315499288e-05,0.0001169618586922093,0.00010991044809997868,0.00011832269576633446,0.00010930638176691918,0.00011066278865284428,0.00010090612522012841,0.00013743000029631995,8.346885758798651e-05,0.0001027190449459808,0.0001568420053402145,8.670782692975015e-05,0.00011783788173470113,0.00012321117955251822,9.97425755500564e-05,9.555490333716303e-05,6.902721593490813e-05,0.00017339673866993647,0.00010678441317165344,6.944712002510638e-05
14,0.00010519957927002192,0.00016182779225226327,0.00010648452150176533,7.909250901567275e-05,0.00010456077261431376,0.00010320379457857685,0.00010420837826029459,0.0001516778654443559,0.0001781373895009734,0.0001444469414687204,0.0001374105205477969,0.00017591831207637668,0.00015226172520182302,8.451903130299493e-05,0.0,7.697423198791362e-05,7.933067603187753e-05,0.00018937995994356473,0.0001512627764992011,0.00015190201733775258,9.439624426025789e-05,0.00014337602143375675,0.00012271452608808207,6.045268956222953e-05,9.421212146969955e-05,7.549461831085685e-05,9.876332558145183e-05,7.607526160428776e-05,0.00013162837670417727,0.00011861143608965292,0.00013036882495556532,0.00012177448260255077,6.010100349277917e-05,0.0001110112604360054,5.931738673142378e-05,0.00012199311563117659,0.00011711560756325006,0.00012547280314478013,0.00010036572724562474,7.133797170761804e-05,9.440760494028038e-05,7.743878019788176e-05,0.00013590486557501466,0.00010659032933686203,8.290612897655784e-05,0.00017180479701658759,8.517065807635846e-05,7.626272267648216e-05,0.00010393246920327738,0.00013050304670644616,0.00010364176351547833,0.00016107432894839105,0.0001393776429508337,0.00011957000803589324,0.00015363273461285978,0.0001999381288074805,0.00013214492095012622,0.00017049392328282644,7.503804236947171e-05,0.00015398096268396283,0.00014322569582781437,0.00012507382390265857,0.00012085302862105436,6.496446718944534e-05,6.235080882084678e-05,8.643663050872621e-05,8.643309090169374e-05,8.009991394924257e-05,6.275293409475185e-05,6.213712715155313e-05
15,0.00012527104760023038,7.134213193782019e-05,6.245096673185748e-05,9.22878522358232e-05,0.00011910921392763932,7.730050926183558e-05,0.00012801594448270346,0.00012437112869959668,0.0001299489781684166,9.774102587499264e-05,0.00010800279129073884,9.133202505813542e-05,0.0001258438995773478,0.0001718317915060607,0.00014073249018032888,0.0,8.58252711975392e-05,0.00010993724472047303,7.700174952110315e-05,0.00013796982016558087,0.00012723935051868967,0.00010354887065913706,0.00014307197490840115,0.00010108020224620619,0.0001307275671618457,0.0001333903668103024,0.00010345533681165286,0.00011531535035654915,8.537500676785944e-05,9.892596130269648e-05,9.03671075085207e-05,0.00013314775290281178,8.835319922701577e-05,0.00010713312032220067,7.975746907752888e-05,9.286657240406309e-05,0.0001478869195895317,0.00013839338009097982,0.00019200350946838547,0.0001251963296382423,0.0001051189849387266,7.78814032933394e-05,0.00010759913401273586,0.00012962239425252922,9.377089016410793e-05,0.0001355400363278738,7.606408056844357e-05,8.439378526288365e-05,0.00011613534086403058,0.00011121971227783305,0.00010753091034315268,0.00017638573469854886,0.00014703746829525328,6.719357989374184e-05,0.00013923190950148557,0.0001244882563654592,0.0001971632894764302,8.484776660301351e-05,8.299464296384473e-05,0.00016380197633674681,7.95397057260045e-05,0.00014908999211629562,7.253703651894255e-05,8.950784502480212e-05,0.00016963130281823352,8.830390120273662e-05,0.00017673571841448447,0.0001627853530058004,0.00016905662245619797,7.734254898364528e-05
16,0.0001194394542883437,9.675648881651813e-05,0.00012477774838714746,0.00013589049921934723,0.00016293151996094708,0.00012689216145569978,8.038214408143925e-05,0.0001356559527504657,0.00014188024690246838,8.662989140843666e-05,5.837553648551006e-05,8.252670500216895e-05,0.00013740457768265875,0.00014617689270978696,0.00018705834573632806,7.026983119825686e-05,0.0,0.0001483492189955219,0.00012972027920318008,9.958363192390358e-05,7.456562640994089e-05,0.000103975381358105,0.00013513115374983188,6.027989553316917e-05,9.44441821574748e-05,0.0001332910896252083,0.00010577551994060268,0.00017690390042725764,7.789285985022496e-05,8.211013633422705e-05,0.00011660382672567819,0.00010970172894437884,7.197285080246403e-05,0.00011890751665522815,8.363895900098016e-05,0.00010278559074526824,0.00011106031699446625,0.00010970552557031247,0.00011264642451114525,0.00018118177023247235,8.10490643662296e-05,0.00016280578743531844,6.681937504096062e-05,0.00013471309521532972,0.00012018066959618497,6.066299272855887e-05,0.00010726341859263983,0.00016698930675806902,0.00013557635702043916,9.441024681083925e-05,9.821339059640991e-05,0.00013357570001727343,0.00011328633354792223,0.000100428517558399,0.00017095267475793668,8.104029967460881e-05,9.837360310013356e-05,0.00011995154539290811,0.00019788729590295906,0.00015357528516807685,0.00019181130526304917,8.493911442528837e-05,9.121785748514283e-05,0.00012171146862420255,0.00011235194155423144,8.714573287051188e-05,0.00011660082828978188,0.00011038717535571695,9.28730681860785e-05,0.00012570718209829287
17,0.00010858646574270003,0.00014010128497718012,7.127943741912225e-05,0.00011037772688158688,0.00012034842367897501,0.0001332741243765016,0.00010609722014671425,0.00012939582090140228,0.00011707117912988876,0.00014286319727610077,0.00010046129873433309,0.00013765033343862042,0.00012137557694707369,9.143814244889037e-05,0.00010763364072418395,0.00020354573987639628,8.393451478447625e-05,0.0,9.944618757311548e-05,0.00018046881081554126,0.0001294232419777927,0.00014733677370584326,8.828721080266316e-05,0.00010577851091929861,0.00017117140990894364,0.0001389618851947961,6.726425599071583e-05,0.00014312588815490514,8.664765331312045e-05,0.00010942713151764444,7.113295481053338e-05,0.000168886924744909,0.00010580594035270676,0.0001506661126307384,0.00013254635957989796,0.0001227494016556134,9.47410046521668e-05,8.18863536996517e-05,7.122164129163956e-05,0.00012204302242106602,0.0001520682376283293,8.658582222103773e-05,0.00012352673282318985,0.0001470856486528928,0.00010065176174088091,0.00010685390234494871,8.950370667244925e-05,0.0001437996900196541,0.0001732142740779592,0.00011835125743451874,0.0002091743738623955,9.645673768462152e-05,0.00012861242818546615,7.824716343664345e-05,9.862915985958604e-05,0.00011970752772268952,0.00013399999723451216,0.0001287574167154036,0.00021582430058699552,0.00017484599981224417,0.0001289866601614496,0.00015933292857962474,0.0001236327167875528,0.00014330738003662008,7.277765873535887e-05,0.00010339642997467278,0.00010789617818847371,7.15402895195778e-05,9.556722680057532e-05,0.0001238528862454694
18,0.000108427652111586,0.00010675760778954368,9.429400314865204e-05,0.00010963448387748047,7.233658551037989e-05,0.00011037340688306406,0.0001612619177252666,0.00011107673979451739,0.0001342243930127555,0.00010733645116108817,6.885920271272384e-05,0.00013221147193388336,0.0001470530867745423,8.823897546506798e-05,0.00014749240578756698,0.00011086302084390275,0.00012263834935808535,0.00016103921611442597,0.0,0.00015328263031206936,0.0001490031552432685,0.0001391933157214163,0.00014126971247235725,0.00010898007577641333,0.00010299452176593408,0.00012749983022443387,0.00011451419793448409,0.00013588302684282622,0.00016187897861006113,7.755494240814144e-05,0.00014028087281928557,0.00018823084755924892,9.516270747148669e-05,0.0001384469268872669,0.00015024640342494995,8.158098337871769e-05,0.0001266718249747804,7.580097804302854e-05,0.00011884086304245034,0.00012575381167652852,0.00014354312056395483,8.966031796170314e-05,0.0001333316954216342,0.00015088380211829267,9.49013465880173e-05,0.0001058827501375207,8.143908772557403e-05,0.00010101626649194542,0.0001524088894810856,0.00013511158956967464,0.00010968443837376443,0.00018297558664748806,0.00010949258201040579,0.00018975675656611484,0.00013604330246978083,0.00012364602027494268,0.00011997064617873085,6.733904025122134e-05,0.0001304426454539833,0.00014033230230015898,0.00013305118687372867,0.00011620688242555314,0.00015768988472654008,0.0001814251052392173,0.00013877608805352027,9.633811451428706e-05,0.00010378431495625722,9.440320954754286e-05,0.00011433002854623994,0.0001417580175311251
19,0.00012450836889891766,9.569406628048347e-05,6.223269230708366e-05,0.000143590854058555,8.07953730511004e-05,0.00011180294698969281,0.0001659598744670775,0.00010772669197483663,0.00016688384791100898,9.69506427250491e-05,0.00010541622179026681,0.0001447483816575131,0.00014894937782689488,8.300944839331597e-05,0.0001621583744883318,9.78158065141898e-05,0.00015109285585638627,0.00011892165039197947,7.40670425088958e-05,0.0,8.754662809195153e-05,0.00012264011824221426,9.987523189464962e-05,0.00010583498476362774,0.0001329713674250404,0.00012321075065899978,0.00016168977670814132,0.00010530347739051521,0.00014627866826833779,0.00012373293040737572,0.00020906186112037113,0.0001200801442505885,6.876551548130343e-05,7.44566845980256e-05,6.731389475240289e-05,0.00015103753223264077,0.00016474507432023404,7.330898565678832e-05,0.00013852259212805205,0.00011179075915685809,9.613323025148652e-05,7.599184160145797e-05,7.780634828219462e-05,0.00031304998037095784,0.00016899069582610297,8.903821989823175e-05,0.00012993735104337866,0.00013458029390364947,9.498473402239066e-05,0.0001237002988824846,7.355226961566554e-05,8.878779780072014e-05,0.00012234053997343567,7.200740291344844e-05,0.00013330183280589294,0.00014187851693405208,0.00019235169501009546,0.00010900469136848705,0.00016818607167657992,0.0001723245916218343,8.943949246819491e-05,0.00011790749033874025,0.00013112314488985256,0.00010348726880283868,0.00011928107235495703,7.599396979604654e-05,0.0001367579566867338,0.00013226004540566413,8.008981618198998e-05,6.099762500756238e-05
20,8.592282580867769e-05,0.00012759366530211896,9.496608880597658e-05,0.00011756581585154304,0.00013737209736991446,6.131788019680381e-05,0.00016282590494433443,0.00010492276770286854,0.00010102028646669712,0.0001229402748236987,0.00010385191722962045,9.874034161313312e-05,0.00015554338637741393,0.00011438281300585196,8.548063218037284e-05,0.00012609431695893034,0.00011540278091310427,0.0001883494941685977,8.72522476711259e-05,0.00014443773243470308,0.0,0.00011931473034540915,0.0001001746964916356,0.00010979783203629814,0.0001150065105125566,0.00011552111275148368,0.00014475667708431581,9.477714748797247e-05,0.0001608723305423852,9.645443349810565e-05,0.00017207120684809674,7.48495706579436e-05,6.965329132883502e-05,9.554774728276235e-05,0.00010011854665226988,0.00011061602546027758,0.00010558823260457204,9.378408052219476e-05,8.86187959529413e-05,0.00017303723902880005,5.471050497962928e-05,0.00015988725425723123,0.00013729169474671577,7.424282699991451e-05,8.524653542781494e-05,0.00013035503076733014,6.885046632056008e-05,9.097425356002055e-05,9.339863489455575e-05,8.127193581284661e-05,0.00010273827568109272,0.00025140739798730255,0.0001914289188057135,0.00012456800031847908,0.00019541649164715147,0.00015298609611588375,0.00019167918665264724,0.00013078643474262922,0.00012178066929655618,0.00012094954842176676,6.38310538910482e-05,6.977911631556175e-05,0.0001574945168245815,0.000159017174605626,0.00012156960287277499,6.852988390383398e-05,0.0001424136116154283,0.00011294692798160073,0.00011924900655425403,0.00010045410405940107
21,7.479152046992555e-05,0.00014359571092539055,0.0001163985354547462,0.0001203863167732602,6.878253847129206e-05,8.196612236594249e-05,7.457573156885158e-05,9.380062718202842e-05,7.236611337698645e-05,0.00011720628851191496,0.00014255949827432946,0.00012893015568665153,9.534619698644386e-05,8.060916644889965e-05,8.17350855658151e-05,0.00011250311250461957,8.584159192466896e-05,8.64037083816864e-05,8.311567859660139e-05,0.0001333999343626147,8.99952234370322e-05,0.0,0.00025194022526066454,6.770285042149689e-05,0.00010192881091926525,8.274748751835721e-05,7.27911039316243e-05,0.00017199260350616872,9.315297751669926e-05,9.937273369457623e-05,0.00012747245993451878,0.00011354317500954243,0.00012388623449716536,0.00013292794242125374,9.126398662085152e-05,7.002578693350071e-05,6.243793681842986e-05,0.00013474712849834275,8.519489455450019e-05,0.00014920548053709597,0.0001475179676738832,5.915585958962298e-05,0.00013933131020059164,7.425634322023808e-05,0.0001078453036720099,9.301265254109657e-05,8.705716363588615e-05,0.0001763361488163912,0.0002698464248939636,0.00015106044331095685,9.595948444781342e-05,0.00013574679759249697,0.00010964742213594708,8.448177107180984e-05,0.00013276015756102748,6.982263926719191e-05,0.00012675217461476516,0.00016395386568977902,0.000185809237505134,0.00012892780877520667,0.0001509725004196661,0.00010377187484976814,0.00013307422730436558,0.00014298383571661213,0.00011406362372796204,0.0001176327572177409,0.00011254118776177225,0.00011662723286952953,0.00010747111988339192,0.00014741475563259733
22,0.00013854207954158365,6.779291356214823e-05,7.288239974338147e-05,0.00016523471274670361,0.00010921426303220961,0.00010398138062815087,0.00016553842233856328,0.00015384205212999635,0.0001117138419343376,8.208989578152161e-05,8.533315236212539e-05,0.00010871738718412697,0.00013896371762414132,0.00013521091359468867,9.957600305832716e-05,0.00010236000028478447,0.0001654863572177182,0.00012380649922241714,8.718881424702319e-05,8.234411574081946e-05,0.00012568979398507887,7.991071063411e-05,0.0,0.00015122036555051524,0.00021165470111039156,0.00020674481204241118,6.624612738389029e-05,0.00012128770567710996,0.00015276651315203728,0.0001119135503791873,0.00011033306128760944,9.440542695095076e-05,0.00016006459956215675,6.71611159691596e-05,6.795025399151085e-05,0.00014914461314065902,0.00020642601159368405,0.00011930002606505514,8.210246448791788e-05,0.00012284264313400532,9.145781346258198e-05,0.00012896796421999284,0.0001239963349781146,0.0001350591454414667,8.861445544045093e-05,0.00016880174525081684,7.500591724462837e-05,0.00012056771141429,0.00011718292181064697,0.00016522452684684445,7.618386839165901e-05,0.00014531305337247297,0.00010798256422190232,0.00010212344095946196,0.00010524014517964846,0.00012533676816632635,0.00011768135702100652,0.00013452411979670155,0.00011663704896510603,0.00016754965022302174,7.007727457243284e-05,0.00014363514642936915,0.00010905295268349527,9.452255345458562e-05,9.386554620596663e-05,9.703596368330042e-05,0.00018189346224965446,0.00011353952908811203,8.843179942104732e-05,0.0001192297772909822
23,0.00013579630909118403,9.638547289746537e-05,0.00014146782531970932,0.00012693674528858743,0.00010897627616147107,0.00012103364982071853,7.498021285482973e-05,9.211988905732893e-05,0.00013493701255214507,0.00011160978900237485,7.316238633275347e-05,0.00011584126460978851,0.00018387798338004923,7.883870109753506e-05,0.00015598032886681497,0.00011757337558837772,0.00013689134604327041,0.0001407084148143359,7.97355584715287e-05,0.00012238372002947847,9.199357533413249e-05,0.00013122148968809896,0.00012384335828218894,0.0,0.0002138376732534921,0.00012108133586175407,0.00010493214013422632,9.877263086052676e-05,0.0001360147104073678,8.737742807999925e-05,0.0001291711605772692,0.00012749142512992855,7.301749229196527e-05,9.107071385974018e-05,0.00010412208449858488,0.00014786943367528073,0.0001465613081944754,9.24888479896453e-05,8.130034329190225e-05,8.819107663514544e-05,0.0001293072939178014,5.938925562497861e-05,0.00012837058950688837,0.00014697412924326924,9.471886827974407e-05,0.00016782823399266554,0.0001043262627657366,0.00013409015966954683,0.00012417807845019628,6.880742429346671e-05,0.00010758076406757756,0.0001215271618515664,0.0001006201960307566,0.00012488538712617864,0.00013653350083030273,0.00019249441507326951,0.00011035527854848339,0.00011114001895221111,0.00010299055640592749,0.00018176679168210757,0.00011704529812584273,0.00011204676103172499,0.00012005062926169848,7.148378230998164e-05,6.776137027809687e-05,7.316999067436546e-05,0.00013471450366727732,0.00019193749275843162,9.258862783485892e-05,0.00012447796054207246
24,8.97832531230436e-05,0.00015660823101501447,0.00011054136327508494,8.838864918153185e-05,0.00016469017139151808,0.00014640754178077306,8.46462938761001e-05,0.00015874315775161064,9.237953503075217e-05,0.00011026032772972112,9.091459449604128e-05,0.00010882484904015201,0.00022177401568237025,0.00013633397676951196,0.00013697678392255328,0.00014260472911893082,9.985857916147468e-05,0.00011636155054968492,0.00016401435177421314,0.00028019915736362286,0.00015908000111652829,0.0001439021557194571,0.00011772754561507311,7.827991684109596e-05,0.0,9.528625557137519e-05,0.0001393282044216876,7.817479566856398e-05,0.0001320531182686286,0.00013995415831225265,8.313706795328512e-05,0.0001542129483634086,8.897694133033171e-05,0.00014331016495503727,0.00012420079625847694,0.00011023872925495964,0.0001727010267109853,9.055137049567923e-05,0.00013390804853669993,0.00011249624719613074,9.712850947303902e-05,7.359274212719682e-05,0.00017779942218237537,0.0001453591171414906,6.471576043833546e-05,0.00012732227421991335,0.00010262648361844621,0.00012940111854302483,0.00014685257043193557,7.356229371745364e-05,0.00011992468746012363,8.597454032969356e-05,0.00014149517763106518,0.00016042702966626222,0.0001106030642585697,0.00011999242442903941,0.00013020689992082415,8.910995833900256e-05,0.00016697995505485458,0.00019049683921821726,0.00017653146962263446,0.00012553964797024162,0.0001532828049172641,0.00011292652621643167,0.00011276703835022188,0.00014335821967987282,0.0001070626692787539,7.966318566495358e-05,9.429508037306015e-05,0.0001876111444162765
25,8.137176488818746e-05,0.00010406174571066536,8.367238873523372e-05,6.944779034681812e-05,0.00013818366315098037,9.592637695900526e-05,9.510733907949497e-05,0.00010029498184352333,0.00011298253939460421,7.39566639169439e-05,0.0001006219601907891,9.210378289318874e-05,9.775567155076293e-05,7.236213310961805e-05,0.0001475294375645828,0.00011813492400801954,9.27763050297816e-05,7.523263681361191e-05,7.635141524061975e-05,0.00014126382103590642,9.669993724837528e-05,8.630034125094826e-05,0.00011296497456606225,0.00010539932482613859,9.449352344505567e-05,0.0,7.3062998509699e-05,0.00015780703230603208,9.055039517367921e-05,0.00011918045992952474,0.00014270080336452562,7.437943564730504e-05,8.073765087580134e-05,0.00018722014330523415,0.00011110841922026139,0.00010183974954275608,0.0001654466651939346,0.00011767168325068742,9.842172310594395e-05,0.00012331030048084388,0.00010927957031434934,0.0001186116418933958,6.937298096307288e-05,0.00013509931600265087,0.00011074032925936569,7.665055762904727e-05,0.00010047313813561907,6.322267018958223e-05,0.0001366069218934613,0.0002096242016943507,0.00015739552498106698,9.778922739694374e-05,0.00016375372630353754,0.00011416883806506593,0.0001312218420179105,0.00015301701557967023,0.00010911312293945276,0.00013292674302603253,0.00011082118313201574,0.00011441430182867323,0.00010383896633180886,0.00015449578231615128,8.893257037161662e-05,8.877926034285423e-05,9.241966371321508e-05,8.581435204616556e-05,0.00013953519752494956,0.0001238310444975903,0.00011505712835283198,0.00015948815499299698
26,5.541046947068161e-05,7.065357202271705e-05,0.0001906758363385776,0.00010194930870435701,0.00013291881263341465,7.453420442353996e-05,8.736137421200876e-05,0.00010587886827582055,0.00011154036547825883,0.00013982341516155617,0.00013032425565519904,0.00013030149885588727,9.017895417184186e-05,0.00010285083263921787,7.153968443771467e-05,0.0001667303171942132,0.00010419872830988249,0.00013330272140619064,7.280476032313586e-05,0.0001565634262667746,0.0001494985374512664,6.918774186070701e-05,0.00012754288484749716,8.187921127097343e-05,9.805957832204209e-05,0.0001012769911679023,0.0,0.00012478330773427678,6.762143697162687e-05,0.0001187457490954919,0.00010802073773168283,0.00016876428180239846,7.589509644533827e-05,7.16906767781496e-05,8.645086507837206e-05,9.288753485790984e-05,8.328996119543329e-05,8.925932357088681e-05,0.00011688324771434609,0.00017874083763472584,9.730671040084158e-05,7.968555867194908e-05,0.0001438091101054262,0.00014185524093192115,9.19821976859308e-05,0.0001264640733755672,0.00011835328590323506,0.0001442172353522696,0.00015829166924749484,0.0001293154071959399,0.0001061992587641212,0.00022910297254164646,0.0001911861060865409,8.503751460714123e-05,0.00014428434898187042,0.0001287994236019051,0.00011216187338562722,0.00018335981567202031,0.0001357990547090263,0.000149544073377926,0.00021716503801938198,7.779403142698556e-05,0.00010581820844580856,0.00019197010748611717,0.00013722938508939442,0.00011456802731055737,0.00011217780144212268,8.628736013625823e-05,8.785738582589865e-05,8.321045219021676e-05
27,8.815596863382636e-05,0.00013164784265478951,6.380357417396116e-05,9.84562541394073e-05,0.00015549074030967147,0.0001204379093098191,0.0001280965035477781,0.00013119190834116784,0.0002484130590542286,9.85614786460056e-05,9.676759006391725e-05,0.00014705770714239686,0.0001391647471784768,0.00018126598586199862,0.00015961139416623946,0.0001589702909775017,9.005489976977993e-05,0.00013049937029902054,0.00012866651949586518,0.0001229657245258294,6.526777810358631e-05,5.828660155109679e-05,0.0001700413701727697,0.00015385198766184872,0.0001440334243491286,7.86728989594505e-05,0.0001517133143171095,0.0,8.636749443734914e-05,0.0002036831971756972,0.0001356560033071044,0.00010385482393778676,0.00019026823315177575,6.843821967618318e-05,8.771984941043372e-05,0.00016810434481037535,0.00016600539108284912,7.078259586689315e-05,0.00010418874099660136,9.032083856666426e-05,7.44014387360684e-05,9.3903990104536e-05,0.00018133650290754697,0.0001393462790833523,0.00018358365294902798,0.00010436252173829905,5.685196450028979e-05,0.00010715177058374634,0.0001097476873307949,0.00014715121342784822,0.00011696226516446644,0.00016167282043910277,9.403854702928082e-05,0.00011883209857561022,0.0001867377396786235,0.00011190889243456273,0.0001401504678634959,7.969240956140769e-05,0.00013698105640263023,0.00015385732250040006,9.745124771523854e-05,0.00013544213397508338,0.0001371311090914804,9.590941764052429e-05,0.00012325489280568395,9.553587531427667e-05,9.95376112471635e-05,0.00015683378355222012,6.45848666207995e-05,7.302754278286067e-05
28,0.00011702258771727694,0.000123696409148891,0.00014017112322457843,8.638459575155351e-05,6.420808683049698e-05,8.448640031176452e-05,6.28095411334408e-05,0.00012399825897646853,0.00015319780380110954,0.0001447619516976288,9.372558365749991e-05,0.00015141915789681332,0.00018074331134086544,6.460945508443516e-05,0.00010261568813357162,0.00012577505485169817,0.00010314006386983477,0.00020884858878320457,0.0001136468808855132,0.00013490926862218906,7.807911409487403e-05,0.00010665130950603062,8.648449616595356e-05,9.51305778391372e-05,0.00010219566509535517,0.0001566835030183203,6.770672100409661e-05,0.00011148824096378147,0.0,0.00010344152170135935,7.52639110966496e-05,9.832802367913198e-05,0.00011083400702423524,0.0001397350354487222,0.00011520876785778304,8.768690943436683e-05,0.0001300512685385224,0.00013106533460430648,0.00011068669938849062,0.00010325958335992349,9.375349212387053e-05,8.759664486100918e-05,0.00011323428760891344,8.484153511674868e-05,0.00010622494296831231,0.00013718329597234974,0.00013068500764064602,0.00012987465199888748,0.00012310150092365596,0.00019923207466122193,0.00013621954513779746,0.00014813325200320688,9.678990068398642e-05,8.175082211811369e-05,0.0001773075480546171,6.890844935616939e-05,9.572131745183067e-05,0.0001196791347167499,0.00014435215697219443,0.0001255432469271019,9.887663431933632e-05,0.00010181581075122881,7.135268982465702e-05,0.00017784840480601467,0.0001597925897366943,0.00016769534331618067,9.519577326075255e-05,0.00013962282068447478,7.0222546226814e-05,0.00016042425803105558
29,0.00012530994116722354,0.00012457489119554682,7.338334523779315e-05,0.00012504484359591523,7.456904873909036e-05,8.811909468006362e-05,0.0001205607196312536,7.581621984419261e-05,9.865923546594156e-05,0.00014641961386252568,7.216306252684963e-05,7.704102647541889e-05,0.00011066602321353499,0.0001064084713956126,0.00011836627789878956,0.00013085226984280938,0.00010950390117556284,0.00013447779467203294,0.00016616412422643624,0.00011396038803011538,0.0001355267443354788,0.0001431060575660211,0.00016380903486275537,9.574028700893539e-05,0.00015425387750685603,9.640493205523001e-05,0.00012663752488486796,9.833099356523898e-05,0.00015913152509377686,0.0,0.0001515202061635672,0.00010087635335503195,9.277763476628325e-05,0.0001046272388998691,9.762322505251725e-05,0.00013677694686953132,9.911632941899414e-05,0.00011018420740507506,0.00012610844739180122,0.00016678327028137778,0.0001272727402620215,0.00022818709412578592,0.00012779222896787024,0.00013264624571932303,8.752002744638989e-05,0.00012187620346167106,0.00013851362005887525,0.0001811528628269498,0.00011089603896968599,0.0001249457917169415,9.590402944815578e-05,0.00012825367419287863,0.0001930301393316402,0.0001074682341253037,0.00015852062949939247,7.794524567098783e-05,0.0001358056450675554,0.00015703535058339687,0.00010364313116864532,0.0001285263712710001,0.0001330019576886777,0.00011139216131753663,8.4191883977497e-05,8.135252906413895e-05,0.00011256533244735863,9.718857155696406e-05,0.00016727659012304448,0.0002121780600657152,9.69338324009597e-05,9.681979125844183e-05
30,6.829823077728631e-05,0.00014030497253548512,0.00013475904208061373,0.00015332742254062093,8.998426037838164e-05,0.00010462738693621229,7.04741189739014e-05,0.00013747198480197655,0.0001715368280793436,0.00011075867420931448,0.00014950469623602192,0.00015998466208892606,0.00016467221924313855,0.00010201133847048924,8.037209758236485e-05,8.080740004506996e-05,7.669178004588796e-05,9.577466772102894e-05,8.518364671673771e-05,0.0001675904145126418,0.00012300261289157146,9.006573978511523e-05,0.0001325629200689397,7.89553955833422e-05,0.0001589273116293027,0.00013368173770320928,0.00019331618969722791,0.00012536955549598413,0.0001198593467802033,6.152373323925531e-05,0.0,0.00015752677673551015,0.00012352804065448087,7.536766626019651e-05,7.616546062083329e-05,7.440958512600242e-05,0.00010413725006987168,9.401243573659697e-05,8.848826330333455e-05,9.50780980779218e-05,0.00013011289323131906,9.885004053491325e-05,0.0001431668100027193,0.0001074815168527703,0.0001358993496549227,8.988800210959293e-05,7.027122791033808e-05,0.00012340137208376702,0.00021030066390657643,0.00013318654277125257,0.00013461507851184905,0.00014357764530655714,0.00013029377162595906,0.0001031431698416617,0.00013132376626459827,8.552003635910633e-05,9.878687987399915e-05,0.00012787946844448715,9.876073888315554e-05,0.00016716262837005,8.875422972726921e-05,0.00014238016134457326,0.00010595700569085968,0.00012939342916083672,0.00012123853446119742,0.00013269756786820638,6.637049718156189e-05,0.00018402234048351358,6.5498612075936e-05,8.075277674690469e-05
31,9.39455503826679e-05,0.00010446692032773183,8.528441880303742e-05,7.265804662561341e-05,9.24250508650418e-05,0.00019031992506961668,0.00014726083668138273,0.00012941398825103893,0.0001321844211641557,8.904179331481869e-05,0.00011085402734359948,8.226763016752874e-05,0.0001379112831386507,9.287019201531895e-05,9.02513157730565e-05,6.0094632493984803e-05,0.00012183843111385626,0.00011903586014409484,0.00015744859325596635,0.00011851105920103541,7.798972566643103e-05,0.00013539439066331376,8.12671874153237e-05,9.872434622761979e-05,0.0001532807978101452,0.00012036391084853458,0.00010517949031251836,9.321796466201517e-05,0.000164050129837385,0.00012473907572365615,6.582509643518002e-05,0.0,8.064398487119658e-05,0.0001132093242277021,8.235334684689267e-05,0.00011933052469808078,0.00022285072573577534,9.201046668898159e-05,0.00010783542576089136,0.00014565604055883204,0.00011907623566939473,0.00012099669020634167,0.00010222595909894404,0.00010698299375889119,0.00010950781127298294,0.0001420161939650697,9.349390753614913e-05,0.00011675264807451091,0.0001998772174272619,8.336566904506182e-05,9.778711588903696e-05,7.959550648786246e-05,0.0001093596698180455,0.00014060584102999844,0.00011633088975419634,0.00012035285899287005,0.00010662357827779742,9.445979598358959e-05,0.00012321224514419312,0.00012712737203241807,9.776467588496012e-05,7.035733571050894e-05,0.00012192317005141353,0.000109870233449606,9.347242422077982e-05,7.859744069817953e-05,0.00013309505116203737,0.0001428751449546065,0.00013735766322323664,0.00012604075455939943
32,7.041369184466538e-05,7.824500220370626e-05,0.00011743181462288848,7.433302844903514e-05,6.763836815427462e-05,8.873918052022033e-05,8.840315498048846e-05,7.882962955660958e-05,0.00012513732589408442,8.390214284334594e-05,0.00014397200908525376,0.00013578800668570393,0.00011026508136850468,6.969001150632289e-05,0.00012123282112956451,0.0001332525384078562,7.693642701033799e-05,0.00010039137819948786,7.070866624268968e-05,0.00015014014664966704,9.29721427344155e-05,0.00015135509375813406,8.977196357312809e-05,0.00015339481595052723,0.00015966089827072354,9.437853643641563e-05,0.00012912993424835824,0.00011577736861960953,0.00011874382645610681,5.8092395068037826e-05,8.522792809392761e-05,0.0001781054571309391,0.0,9.239064749913618e-05,0.0001438856645858598,0.00011167837074511664,0.00012782797470951623,0.00016895628462525677,0.00011668010990727482,0.0002020153529173261,0.00011220301207420916,0.00010167252652252958,0.00010730149612348776,0.00018914533021564928,0.00013555345623126664,9.694449655109982e-05,9.519014186327364e-05,8.72957301624297e-05,0.00012745893368982093,8.554036159284488e-05,8.401793286990221e-05,8.307921328277317e-05,0.00016301494160030617,0.00012221595881715765,0.0001858083047999228,0.00010763921161102801,0.00015523495191224488,0.0001302470160846753,6.91032221067234e-05,0.000107258830283045,7.883746970213942e-05,0.00010258932274500482,0.00014553511913323783,0.00014928592597550545,0.00014970559423017085,0.00013178857929621468,0.00011531557300142502,7.293374667740926e-05,7.047242393058554e-05,8.533195046429019e-05
33,0.00014587585900215934,7.027555802325307e-05,0.00010808491527863427,6.874859334613374e-05,9.959732603988123e-05,0.00011974125689744654,9.73245846102954e-05,0.00011673355585518538,8.907577951747918e-05,0.00010019780800690557,6.438393358148593e-05,0.00011135955847288644,0.00012722244733012075,0.00013882911448769047,7.060715882367743e-05,9.423040720190332e-05,0.00015414776166108358,0.0001305195604804724,0.0001330906992233459,8.841644346601905e-05,0.00010965552658603586,0.00010606323284223934,0.00014918276239105958,0.00010393645225383706,8.764704760454172e-05,7.246564583854591e-05,0.00010221471166421753,0.0001026473782218653,0.00014215953087252491,9.226724601369159e-05,9.942088442182466e-05,0.00011504655573929824,6.618641753397787e-05,0.0,6.221134341372316e-05,0.0001300096201609456,9.593913132683949e-05,0.00010678183222413038,8.453510482001571e-05,0.00010592209418187043,0.00012493195718558134,9.747619967878644e-05,0.00012923496790175017,0.00015156403106525234,0.00016242333256088513,0.00011427872520067243,8.944040821101536e-05,0.00011473973756990438,8.09426701596554e-05,0.00014002663447394606,7.944876095913485e-05,0.00016812862969869783,0.00012785399733413757,0.00014518619547231943,0.00013725047625581287,0.00012399228728467092,0.00013210812746373022,0.00010734863754017388,9.749342725619479e-05,0.00012628618976725524,8.382286146058941e-05,0.0001490042244907712,0.00013379383972346245,0.00011946324693337432,0.0001394558953232716,0.0001204394793578328,8.45796670021761e-05,7.913448829599913e-05,0.0001518361473052057,0.0001741428167369348
34,0.00015410898225086967,9.918039192183186e-05,9.242594171303959e-05,8.856627114636802e-05,0.00010843666333426126,6.093356497509671e-05,5.423383700103302e-05,8.421113052750232e-05,0.00012407138315312762,8.922289334284618e-05,9.824352342051669e-05,0.00018585737363748536,7.933799197088288e-05,0.00010161358731767281,0.00011882192493474507,0.00013042120811071115,6.742255262722376e-05,9.612388047161864e-05,9.432349718396339e-05,0.00011021605704079792,0.0001805908849768524,6.014418328792607e-05,0.00011425457462016038,0.0001289280249011804,0.00011550806582821243,0.00010981581229885293,0.00012865518132571348,8.823331163904943e-05,0.00011443991218670437,0.00020501714668369405,0.0001211987604661034,6.606822878975071e-05,8.237569253998506e-05,0.00010150691215093507,0.0,0.0001075146227777823,0.00010861867083672941,0.00013806572975415596,8.363588942380355e-05,9.093565609373705e-05,9.171810786897226e-05,7.527407754768894e-05,0.00017162123966830663,0.00011700990526508574,6.352731517624693e-05,0.00011455758744416802,9.842094941456525e-05,0.00010790337275095358,0.00011557786845519725,9.415820618462829e-05,0.00010107032588336732,0.00020730648273356412,9.338421975565662e-05,7.210799176239288e-05,0.00013342536502603173,0.00010558301486824836,0.00010902525887112355,0.00022097197203044773,7.384081948298532e-05,0.00017309743392513553,6.732735416585238e-05,0.00017487751178855686,9.668631657156466e-05,8.256254130933903e-05,9.381081662986234e-05,9.250499903735697e-05,9.423322550920786e-05,7.661230615472804e-05,5.7618659324609926e-05,5.848092883758078e-05
35,8.025091467929452e-05,7.328453408843156e-05,0.0001033050206816301,7.862668553189694e-05,0.00013238738914735502,0.0001281907131575576,0.00011953222873183669,0.00015334443158652645,0.00018736641502494977,0.00010232159575741628,0.00010697580486070816,0.00011025098363237134,0.00019003583595776882,9.039623053758054e-05,0.0001349588411946787,0.00016927828218748098,0.0001276130740546249,0.00010656004645302578,7.277333134970808e-05,0.00011974189907976698,0.00016402448379855712,7.448344451306055e-05,0.0001077959733963265,0.00010313639054601508,0.00017410786334561392,0.0001453597777951362,0.00011936362551538465,7.367520638730859e-05,0.00011406723566528917,8.974707970078276e-05,8.381808261662829e-05,7.238103339484677e-05,6.57355791378218e-05,8.081912506578917e-05,0.00013812475785490347,0.0,9.255942820066249e-05,7.645001490180835e-05,0.00016403991210020558,0.00017778375744487038,0.00011191220525032132,0.0001695066621736186,0.0001485005146447777,0.000123085337433665,7.453131386362824e-05,8.883658714391094e-05,0.00012616693440802506,7.979310122114782e-05,0.00010548014908210725,0.00013543605260729058,9.399633401270049e-05,0.00014305189437038802,0.00013117451351259612,9.545642349357605e-05,0.00010074973914682238,0.00015812981173056784,0.00017592202221621974,0.00013469817245022523,0.0001464336186864333,0.00010181674105560432,0.00021326450182322318,0.00014779033763837694,0.00013052448411106748,0.00012410053528782276,0.00014275425250334127,0.00011028985092905995,0.00015339809113628538,0.00011295608485465105,6.810097100736952e-05,6.046451730791308e-05
36,0.00010011688590962806,9.728069021880116e-05,7.040445456681108e-05,0.00011287008726389234,8.250466231617403e-05,0.00014030231298206314,9.96987194908994e-05,9.37126421708242e-05,6.809535413458809e-05,7.779428335616043e-05,0.00013219456438877232,0.00014166859650878593,0.0001274698273668568,0.00012707355293314966,8.589383720748048e-05,0.00012891226519439464,0.00016262393147616723,0.00011641233173766216,0.00010123204249612496,0.0001012859423209049,9.387744804943459e-05,0.0001369287245652172,9.301109744948957e-05,0.00011741106882844027,9.747273603887704e-05,8.560757321292329e-05,8.43498292036761e-05,8.080955969317136e-05,0.00012296434962891266,0.00010662259807290715,0.00013734895803359573,0.00011660444840216898,0.00012605537647916948,6.488904525823022e-05,6.157973252454787e-05,0.00011784013303773817,0.0,0.00013278231831224174,0.00012406843216861938,0.00014882486057022785,6.790835136081443e-05,0.00010940501780698764,8.886612106791019e-05,0.00017200810148196378,0.0001060500021064706,6.544429670617615e-05,0.00010278893202981451,0.00012744695793402442,0.00015549587543654212,0.00014059280836818756,6.771121174480339e-05,9.853956076554148e-05,0.0001310407384986516,8.70882191109318e-05,0.00014668416856209726,0.00013097475915699173,0.00011541514892441037,0.0001257105688058506,7.700908755297542e-05,0.000121407610386796,0.000158372509851905,8.797579076420101e-05,0.00015361520036105578,0.00010234109907107569,0.00013558371869430336,5.689908826419659e-05,0.00011726313545247219,8.396448922935088e-05,8.65987423046611e-05,0.00012994266670481524
37,0.00010843226881112198,9.113813757187305e-05,8.893467851120215e-05,0.00010815486897435323,7.419032201101287e-05,9.556529680467715e-05,8.294595189241453e-05,0.00011110072488863327,0.00011423802992905419,0.00014895236109562103,0.00011504603784066983,0.0001355513015808126,0.0001303946982476036,6.629167004993762e-05,0.00015025446656526025,0.00011129359540976905,0.00017184853303377196,8.916426563872285e-05,0.00011109640427440059,9.293849230650533e-05,7.145229827459694e-05,0.00014546195257464977,0.00010969366428807735,0.0001015942903261258,0.00018928685201962392,0.0001354411166387859,0.00010162018922643838,0.00011538958388727847,0.00012307897557919026,0.00015891032671138257,0.00010911161726942269,6.141845043964702e-05,8.85809629867865e-05,9.246278084654837e-05,0.00011871959939790083,0.0001456955007685579,0.00013793078352329047,0.0,0.00018746640525610432,0.00010232439970611526,0.00014117394651358054,8.05068737057505e-05,0.00012386901428490052,0.00016414801836982796,0.00010528817149696015,8.138391137574546e-05,9.666656332008482e-05,0.00010201081820697157,0.00010731135005592887,0.00010209959209409851,0.00018825387903642304,7.745467629582699e-05,0.00013303249812708097,9.210742973360915e-05,0.00021147589479219786,7.735321192640313e-05,9.690730172005268e-05,0.00011733551688744463,6.570604526482685e-05,0.00016861449215893484,0.00010100267201301536,0.00010046130382578484,0.00010039470433923386,0.00014577517649723616,9.423769389665057e-05,6.039453789064929e-05,0.0001611020383980022,0.0001410677914437821,0.00011569712506016958,9.307219602793814e-05
38,9.152978417379457e-05,0.00016255776085754054,7.344112626113912e-05,7.389577664556873e-05,0.0001394647823781607,0.0001241452073036675,9.646532118109461e-05,0.00011065490641046418,0.0001107070747993128,0.00018860026222569643,9.62786840910403e-05,7.020486114883603e-05,0.00016700064401974527,0.00013002294775517795,0.00010979846468152874,0.00014076913058035917,9.318717254834695e-05,0.00014665184479932604,0.00010218529886142375,0.00011837286644075908,0.00014665634455443728,9.667919714378165e-05,8.689803112258116e-05,0.0001332120428432102,0.00010878629264997782,0.00019044884117897404,0.00012752075504614475,0.00010589301856191794,8.220894615510521e-05,0.00012411659296849103,0.00013432252201844613,0.000124872191108854,0.00015272104184124082,0.00010659193179330066,9.623635489670923e-05,0.000138009862870008,0.0001935917701824466,0.00012088909363323813,0.0,0.00016935929877836495,0.000107699835654118,0.00014524457062889642,0.00010502725785891027,9.806728716592645e-05,0.00010536151522025983,0.00013354960026650163,0.00010869144694140524,7.521623153913095e-05,0.00018437178152564887,0.000104455977986036,0.00011302534781658355,0.00011144602220391524,0.00010545313086512183,7.226189617158667e-05,7.92963455193638e-05,0.0001295646168003689,0.00016983404471441804,9.096812159935258e-05,0.0001374850252966199,0.00016740970912725324,0.00010159628647357409,9.00596842041707e-05,0.00016216804059540515,0.00010823461140543756,0.0001303292639804547,0.00010402933807351333,0.0001351241568475137,9.586306998332401e-05,0.00010339786109324547,8.174359748599465e-05
39,8.082576918681933e-05,0.0001310675798231147,8.753690489128481e-05,7.320532393156243e-05,6.794303642163753e-05,0.00015576104453417922,7.425444926739692e-05,0.00014543500089273103,9.947183576039735e-05,7.748847353257887e-05,6.460347135387651e-05,0.0001498063644895078,8.287870002767267e-05,9.719853737298198e-05,0.00011255851672222606,0.00011903862059732529,0.00022684072979230936,0.00010013856430464388,7.183005898890489e-05,0.00019036550636796637,0.00012213995890162407,0.0001275051102748992,0.00010005566290137957,0.00010126379903321299,0.00012171987911894625,0.00022818221013873148,0.0001383266297900209,0.00010753771291134042,6.528686392422862e-05,0.00021826197742865278,0.00010117318935613897,7.547591590293842e-05,0.00010686241749716265,0.00010758265037741059,0.0001146854569454634,7.785849002519292e-05,0.00012551198891914327,0.00011278662819943666,0.00012507902791926103,0.0,0.0001056232753412573,0.00012097179227269227,7.941714251084744e-05,0.00016458204349156986,0.00015882439348765675,0.00012341686968459894,7.847937976205975e-05,0.0001242574442120838,9.152534757272933e-05,0.00010035942496395196,9.949815454614734e-05,9.878606561657124e-05,0.0001175731209312615,0.00012838228662247054,0.00012420616294659114,0.00016117336148642564,0.0001287748728579488,0.00011064006376294245,0.00011789263085527401,8.096210024070723e-05,6.679863167153725e-05,6.927807593961305e-05,0.0001776090325430876,0.00010788546723498909,0.0001475480397951369,0.00011567331515342757,0.0001902435297337178,7.346563949989659e-05,0.00011741896595998834,6.4046037193778e-05
40,6.964111088978712e-05,7.652651244960291e-05,9.015154405526525e-05,7.373460891620759e-05,0.00012845729597942349,9.985650772542935e-05,0.00011764485285776626,6.37271976823861e-05,8.326227503046789e-05,7.01543749484453e-05,6.376974713295098e-05,0.0001133475452439365,0.00011751651120063696,0.00010751433463498623,0.00015955737170989724,0.0001487374864216751,9.4218369116298e-05,0.00010381757674789703,7.110932033152758e-05,0.00014691376870876286,0.0001227623964525443,0.0001435840262462393,0.000118249051794939,7.82762734939132e-05,0.00019015445061678675,0.00014723073951001292,7.734445154931967e-05,0.0001589223401110602,0.00011264390786677012,0.00012394367657156202,0.00018014184441133944,0.0001494321104245703,9.655079594089575e-05,0.0001174051475626171,0.00011642040133977936,0.00010126255981077283,0.00015971814047217528,7.050482382362366e-05,0.00011634934220243043,7.018467845364448e-05,0.0,9.22050573182701e-05,0.00015039803187395068,0.00012481200642605988,9.115971544539193e-05,6.845534374436604e-05,0.00012187808062751943,0.00012492157698816645,0.00011651982099835093,9.350768266524676e-05,0.0001705382338745217,0.0001116866045637553,0.00010433410472362643,8.604108351111127e-05,0.00018030422876311587,0.00014789541495822267,9.007827269932887e-05,0.00011409913846808129,0.00013841047700127566,0.000166904617983418,0.0001268577491393812,8.028710688146727e-05,0.0001256286860634561,0.00015351452785812697,7.310759679409726e-05,0.00017629183845626665,9.688084334501095e-05,0.00017823761316492393,9.303735204559207e-05,6.706352536912935e-05
41,0.0001872056189448993,0.00014938880905712197,0.00010915744562789767,0.00014433046219991473,8.887381176511688e-05,0.000107878673732087,7.93922183774609e-05,0.00019279502518690028,0.00010764910009747805,0.00015483309849255927,0.00012754865852708608,0.00015410672364184379,0.0001992592134434793,0.0001347965563953983,0.0001104360461985807,0.00013175626191823405,0.00015579329940825748,0.00012016593087310536,0.00011455605026470988,0.00012643616944242733,0.00016114608767329403,0.00010062835276588879,9.437655630949503e-05,9.839448500878284e-05,0.00011933374886382801,0.00011913650630840825,9.633909279976505e-05,9.016149593673273e-05,8.314841343537952e-05,0.00011534194637208066,0.00012491849771441562,7.001082674554816e-05,0.00010206653522889173,0.0001289221318858164,5.8923400853414974e-05,0.00011236891948518464,8.388056778175944e-05,7.254711061032707e-05,0.00013190408998168423,9.920052761926615e-05,0.00012921701410009242,0.0,9.330939552304452e-05,9.137693259052171e-05,0.0001512320545034936,0.00015291016048166712,7.709434062529113e-05,0.00010682183098980733,0.00015276898820940708,0.00015530142817166663,7.661551711688837e-05,0.0001726850308224292,0.0001864220458224232,0.00010541878619610949,8.652244857194705e-05,0.00013035906808777755,6.928518339980603e-05,0.00013052306350513337,0.00010237393333342528,0.00015414265390745752,0.00013392801039915526,6.554717776677282e-05,0.00010816400015051676,0.00012424883426898482,0.00013770347178137252,7.27365305466712e-05,7.243172097659961e-05,0.0001450238637546064,6.877128457058062e-05,0.00013445398774245083
42,7.224322119463145e-05,0.00013460291964185572,9.012544997954952e-05,9.493081531622716e-05,6.776350430590374e-05,8.003522027405568e-05,7.741696456181762e-05,0.00010585719976598096,7.724404688604063e-05,0.00018605008502724563,7.134952342478675e-05,0.00010408656770292103,0.00021620979216429402,0.00013528661592649178,0.00011033954961339467,8.737221315078662e-05,0.0001167736343295584,0.00013423178178669821,0.00019356950846509746,0.00011885331810775498,0.00010949869008958387,0.00012202564214389605,0.00012538069151926855,0.0001454266210225767,0.00010218538489088462,0.00018222788013596717,0.00011965475108152886,0.00013531271221906303,0.00011420416751325204,0.0001836987837752946,0.00018698161791673025,0.00015824727078665783,0.00012094135463680243,8.44611997716845e-05,6.80738552446728e-05,9.563056187352385e-05,0.0001126686159414729,0.00010509362649066018,0.00011973530957240844,0.00023157223796113077,0.00010930410603462837,0.00014156257792817125,0.0,0.00013582952575940538,0.00012287129691337923,0.00011518270593010079,0.000144830803493911,6.834849923362111e-05,9.495171387661668e-05,8.221644156372992e-05,0.0001255466135463376,8.305609549122068e-05,0.00010230877367465017,0.00010393015886132789,0.00016095439328461895,0.0001076062613510339,0.0001072235944052947,0.00012089499339377952,0.0001533615262851239,0.00013638662208509427,8.110265227728578e-05,8.311855025413318e-05,0.00015652465318384589,0.00010870631944881209,7.152556932153962e-05,8.523932998712442e-05,0.00013857097291666197,9.774028317508484e-05,0.00013490320656226094,8.257271617147451e-05
43,8.235587950258931e-05,0.0001768741762415014,7.437165472072263e-05,0.00016933268095695384,9.304491738246436e-05,0.00012047946676440792,7.947089636371833e-05,7.559579764698031e-05,0.00010303328911071664,0.0001243252181663829,0.00011367620334767492,0.00019607470349912643,0.00013930292804624554,5.805793238281138e-05,0.00016996659120934444,8.99927708989676e-05,9.6852460376637e-05,0.00017677634414028855,0.0001338232674905528,0.00018716033269211744,8.109523972798758e-05,0.00011460074979504518,8.795154980734589e-05,0.00014133207296818738,0.00016517806352414524,0.0001703332930568799,8.545130383704625e-05,0.0001328976255772972,0.00012277796076040875,8.564827797131185e-05,0.00010554968291537762,0.00012938719446485583,0.00010715796191559467,0.00014590734946651275,9.13615847032508e-05,0.00016339567627930913,0.00013257317667851978,0.00016574136464222506,0.0001579281175678297,0.00010469312938207256,0.00015972806221690728,0.00011013932923409953,0.00010355727198404092,0.0,9.559154295010877e-05,0.0001131714878858047,0.00015616980228225588,0.00015290974638606578,0.00012071744887531748,0.00012663194312652456,0.00011565694713187986,0.0001287027610255488,0.00016028838536711343,9.17499878450598e-05,0.0001356009332007239,0.00016572635226384713,0.0001299673237946722,9.755779362837632e-05,0.00013865964773774377,0.00013504729945279685,0.0001089509367366204,0.00019101790113367048,0.00014979030768171066,0.0001465594904708445,7.545180423995311e-05,0.00010955137183274395,0.00015897588608692232,0.00021059317670860814,6.906704173228555e-05,8.002663303944932e-05
44,0.00013400632227903228,7.410961628811018e-05,0.00010827640567357269,8.638835897467831e-05,0.00015244643824351766,0.00010618022134285534,8.355560433627066e-05,0.00015393109923091824,0.0001715269022184446,9.595524778634618e-05,0.00011732829476824482,0.0001586174624430624,0.0001188400960897894,9.79758608565631e-05,0.00011694709737970933,0.00017176259567005576,8.547195038951918e-05,0.00012654055698020246,7.448876521202236e-05,0.0001269071622956302,0.00010020945271787956,0.00014624298572439595,0.00010876257320326075,7.007276783043324e-05,0.00013290541843581394,6.939430786300482e-05,0.00011983155370319426,0.00016716133571671973,0.00011953889972275918,8.070145583663811e-05,0.0001113729586518688,0.00013202872793688518,7.1086983220247e-05,0.00011092885237913118,6.301998569519123e-05,8.130026801702894e-05,0.00013429059155380856,0.00010470429399287454,9.529249504634319e-05,0.00010356592172584605,5.6813959914318734e-05,7.133895526112376e-05,0.0001410502778530499,0.00013746663098387183,0.0,0.0001333458954135109,9.675781652986367e-05,0.00019439149109509076,0.00014553921181535313,0.00013573670764666806,7.801182663473287e-05,0.00021564606998181784,0.00011318424426077768,9.272577302156781e-05,0.00015914817901422598,7.961354309251436e-05,0.00011094532176722628,0.00011072262585823586,0.00010532583711842537,0.0001296636964659887,0.0001214766713171258,0.00016994221954469714,0.00013803608520854407,0.00010390404898451448,0.00013794858443625939,9.318489572684145e-05,0.000106255636291757,0.00010792504237070972,8.979191955094034e-05,0.0001118348759051417
45,7.042896652565583e-05,0.0001225326745952856,6.829543434734087e-05,0.00015738856904921463,0.0001660505889663259,7.932386882682972e-05,0.0001090194549487212,0.00015910381008005846,8.162784194622262e-05,0.0001247571686257801,0.00010383737900882463,9.014653287211444e-05,8.251459496822387e-05,0.00013404074939038193,0.00017776292972620727,6.812939995917687e-05,8.326129420324376e-05,0.00010951257541398753,0.00013632749034324596,0.00021439935974823879,0.00012204089181412942,0.00013443252038075425,0.00016955661377483338,0.00012401201829222313,0.00011136134996894779,0.00019524088039273293,7.261986473023622e-05,0.00010122988884550054,0.00012881475511334662,9.94624247028067e-05,0.00015101778532438414,0.0001090836018641928,7.543937731119784e-05,0.00014097455983065762,9.245631002278247e-05,0.00014231074111678167,6.675008743673284e-05,0.0001979024320784704,0.000187286375304698,0.0001292993157692724,0.00018038044565726769,0.00012337468672154236,0.00011067700673258389,0.00017525413416995207,0.00012754082340217046,0.0,9.307354026242422e-05,0.00010900706136051629,0.00012865479191666112,6.818340635082393e-05,0.00010602189505539286,0.00012509841667614793,9.159633535514408e-05,0.0001541319514486625,0.00015045413946075824,8.803443523947508e-05,0.00016621059109895483,0.00017977328125183813,0.00014414698622139838,0.00010879893594525905,8.478219322896342e-05,0.00012346338574915553,0.00014472590254764134,0.00010086265716022357,6.932529435582553e-05,7.422257459784734e-05,9.15433127631415e-05,0.00016194580968215139,0.00011727197113609051,0.00010408424350078491
46,0.00014121293506851685,0.00016684678299835163,0.0001326752928333231,9.121011083004008e-05,8.192665485366839e-05,8.855178113206646e-05,9.372635641688535e-05,0.00016222074702526535,0.0001378476261944782,8.275386504295931e-05,0.0002212312245703814,0.0001295100242689968,0.00018222528682525145,0.0001480351336992315,7.738126627551185e-05,0.00012578724617831526,0.00011225687546312175,7.386044176657994e-05,0.0001241108180325436,0.00014739781950406952,0.00012183518436627401,6.645208633716031e-05,0.00014851050919348268,9.437224834689638e-05,7.492532759953866e-05,0.00010279220756831238,0.00011528269470219617,0.0001640577297336155,0.00010642664621369443,0.00013959213025576986,0.00011060658132571618,9.07399583573166e-05,8.38721184978037e-05,9.944069011422513e-05,0.00011194683925201306,6.601707170729218e-05,6.693528538561596e-05,6.114311402717241e-05,8.475069686110261e-05,8.227390245566103e-05,9.95331480747536e-05,0.00011185279048463387,0.00012634406593981174,0.00017153120466957024,6.265107345687136e-05,0.00010668946310573806,0.0,8.601743752124501e-05,0.00013934262806781025,0.00014058908825541105,0.00010876613050195494,0.00012591421846409856,9.969623845082708e-05,7.198252094008587e-05,0.00011894615800110239,0.00012068471479266222,0.0001155545388817636,0.00011529117772412555,0.0002069835688404758,0.00015270340438388173,9.459735760433491e-05,8.151771902920377e-05,0.0001644670125312594,0.00019808768925767793,9.414311000760563e-05,0.00012195786117328118,0.00010157996401297303,8.200129423927363e-05,0.00012150131816914542,0.00010716899238701965
47,0.00011872951204920801,9.111384816850543e-05,0.00010937715163316054,0.00014416881588524954,6.906033944525377e-05,0.00015849167578056649,8.80646635033454e-05,6.459635272292475e-05,5.995515479562213e-05,0.00012160714084493573,0.00010632337743813464,0.0001281847194412058,8.720753367465042e-05,0.00011610751510321973,0.00013727717424173516,0.00012365580931895215,0.00023866789958737486,0.00011074047789979924,9.931830033547466e-05,0.000171780596552648,9.760490287350043e-05,0.0001315597048002861,7.359266548317744e-05,6.0766632474219455e-05,9.452665288880637e-05,0.00017645752732452788,9.776597199672071e-05,0.00010594283933712507,6.815044902907197e-05,0.00015246937815338775,0.00011682843236210565,0.00010892605474510929,9.680059316023382e-05,0.0001266496311640825,0.00012230892892969262,9.037918514160608e-05,0.00012013996191964559,6.024250268333185e-05,0.00012941593359666942,0.00011377634670870201,0.00010147704329515466,0.00012985628383416635,0.00011167442735934728,0.0001709803083687761,0.0001071914090119281,9.145162909274284e-05,7.430712219903808e-05,0.0,9.712438589376243e-05,0.00012229377577354254,9.8332101213024e-05,0.0001601704209869298,0.00018165418385324752,9.48806313891922e-05,0.00014715348394010253,9.014380639804912e-05,7.454731480892736e-05,0.00010877864854522804,0.000177453953482223,0.0001569692996564865,0.00011571057252086979,9.560566006804612e-05,0.00015186484381466702,8.820474267824071e-05,6.458801693438374e-05,0.00016533407335590444,8.323827809096142e-05,0.0001848313027381223,6.879177758624802e-05,6.242195952221207e-05
48,8.39996301970715e-05,0.0001567472174290775,0.00012709687450909626,0.00014124338860173075,0.00014510079347170428,0.00013692003609670905,8.58724703331052e-05,9.834498812691019e-05,0.00018100559622063735,0.00012146527252504904,9.557420461699014e-05,0.0001655752516122161,0.00012203734852905888,0.00018272162691614958,7.650533024647607e-05,0.00010120614339338009,9.600145313979438e-05,0.00014727318849500266,0.00011666607871355145,9.28084960865312e-05,0.00011782837392228103,0.00014286300908691977,0.0001913929884693858,8.471269463199491e-05,0.0001504054885519852,8.757429421075394e-05,7.811111735225306e-05,0.00011150968125284804,7.678020742821427e-05,0.00012262356481723582,0.00011895091947989608,0.00018044900270778835,0.00010541837060290722,0.00014295245528547887,7.177998022031951e-05,8.772810722469684e-05,0.00017420114314909183,7.330361620661945e-05,0.00014146971623953485,0.00015075951479967558,8.969380102547113e-05,0.00010496574251506793,0.00010892146073087893,0.00012632133699130496,8.907861677140404e-05,7.378958806155218e-05,0.0001429711633768081,0.00012541197660477044,0.0,9.528186414179797e-05,0.00012743424896699703,0.00014586866830607753,0.00011818256801983049,0.00010859765992146326,0.00015860229263414598,0.00018063561240218298,0.00011314038541142358,0.00016218700282989056,0.00014653921979761197,0.00014457273889146717,6.0760319732507656e-05,0.00012636398213862878,9.985048176459798e-05,0.00013339638143816042,0.0001184164379837888,0.00017924675423451118,0.00013229181324466466,0.0001345120389733301,6.41230967999668e-05,0.00010379058563071407
49,0.00016551967204827037,0.00017804418464585409,7.927707089211356e-05,0.0001135145960722986,7.059202093352872e-05,8.838738501768614e-05,0.00011513216533432705,6.91017084056181e-05,0.00012144009541506875,0.00013259600328997608,0.00010271661384803479,9.48038679227733e-05,0.00016790703303343272,0.00010556639341224102,9.50394250578851e-05,0.00013005172570969636,0.0001028236308412426,8.091224489957451e-05,9.556080031951232e-05,9.607959510083227e-05,0.00014984231933877354,0.0001028534323268837,0.00010957775219928297,0.00016054553935304704,7.375398760892816e-05,0.00011421030126816142,0.00014524747165426102,0.00012194568965569898,0.00015657582608256192,7.00020231038419e-05,0.00015074152751898905,7.890548395169941e-05,9.213420985646365e-05,0.00010101919108681316,8.742355113064278e-05,0.00012751835875488444,0.00014660404497787564,0.0001047554645593434,0.00011768774861381474,0.00011599030128203666,0.00010255907763276593,0.00012539890483594308,0.0001725445882181433,0.00014687024422239893,0.00012924485531762056,0.00012123414304139184,8.381030717979762e-05,0.0001457939930268357,0.00019159692483841986,0.0,0.00011145932940173703,0.00011101842872889161,8.728931082496905e-05,0.00012034864673288757,0.0001188859525784746,0.0001042683268863323,0.00010442847016213216,9.118930269199773e-05,0.00013942472598657733,8.985154629776018e-05,9.139835345063829e-05,0.00013813906663814236,0.00016580295378862162,0.00013318632870290735,7.996212977174315e-05,8.81370170886664e-05,0.00014357419694598208,0.00011128636984736778,0.0001627268395387672,9.58179862232336e-05
50,0.0001312810077634239,9.941372739874125e-05,0.00010853744412169109,0.00010305347051380498,7.608567765851422e-05,0.00010040988959702919,0.00011794583074528365,0.00012818244924744197,0.00010056852827713752,0.00010904968478510833,8.063812549254159e-05,0.00021874010109795657,0.00022203035581891113,7.58693340698318e-05,8.10299823739934e-05,0.00010959628896868534,0.00013859198618744603,0.00011578561437599144,0.00016011686183861084,0.00013537958369888703,9.443706886934767e-05,0.0001659353859205763,0.00015216858362890272,0.00012237733433344722,9.952612747149534e-05,0.00016209810216467617,6.891914573520062e-05,0.00012187757986911509,0.00011122525000702023,8.448379499827646e-05,7.937774270719739e-05,0.00013089057211171785,9.189079426315151e-05,0.00016839666395286948,8.595290065264476e-05,0.00015677310946982093,0.00012549242844976202,0.00016348081391963972,9.914924948946595e-05,7.902303064229448e-05,0.0001220127548634457,0.00014156308048423786,0.00010846704315805899,0.00014982573967814612,0.00017043226692856596,0.00010821581670985353,0.00010136497762381955,0.00012772650031054437,0.0001693270855784527,9.577822052306788e-05,0.0,0.0001656980656166149,0.0001478709472736102,0.00015065833772190317,0.00011726734553463842,0.00018533410139373412,8.197693424735586e-05,0.00020848567814439611,0.00011177137863851019,0.0001086331863556215,0.00014603032214498236,0.00011525298717378072,9.510021929786175e-05,8.41575383068774e-05,0.00013316772811351242,5.134750151435224e-05,0.00011396446749638085,0.00012833870469931431,9.972063088016536e-05,9.592500242897498e-05
51,8.002340903936258e-05,7.173942000604394e-05,8.955045659937011e-05,0.00012729656101099625,0.00011494025314094329,0.00013977440030111667,6.35275621800602e-05,8.399676385286659e-05,0.00012714996954619229,0.0001624758678028729,9.772017261013362e-05,0.00015424678355952095,0.00014250527975292093,0.00012219880456407848,0.0001267356459061817,0.0002282340846998089,7.112213688005581e-05,0.00011134621330643704,0.00010329338598789922,0.00015767942410396747,0.00019292271024830247,0.00011554318359258122,0.00011919890102198197,0.00016260567976391672,0.00017306152023868738,0.0001021566487484671,0.00014863463078070114,0.0001526712385526789,9.737915396941871e-05,9.830039351970663e-05,9.339813784899952e-05,8.817551459144269e-05,0.00011904546612968594,7.987124414376069e-05,8.524884090857023e-05,0.00015243948480537188,0.00011869307832626692,8.545087695032922e-05,0.00020194721253711417,9.05330970828304e-05,0.00010957880876089292,0.00012136160225840799,0.00017354339091048225,9.69868714980721e-05,7.64070484238441e-05,7.878993763253565e-05,7.947834785364414e-05,8.778226062660139e-05,0.00015150413394360987,0.0001491702595491832,0.0001445364131970419,0.0,9.639117214501086e-05,0.0001380277357872122,0.00013951686575873986,9.862625605442285e-05,0.0001333164960601982,0.00012044518694619099,0.00010991232219089517,0.00013651516633799254,0.00012098498178150572,7.400382377637584e-05,0.00015648460912537593,8.010530677415177e-05,0.0001191625091703126,9.634364113979255e-05,0.00014292803899854,9.951260717452923e-05,0.00012491254842894803,7.057191635410037e-05
52,0.0001109050001861136,0.00015972369137515696,9.411966882314598e-05,0.00010734102265808004,6.881476017989545e-05,0.00016328508394249672,0.00010433989066723601,0.0001782260722287918,9.156930161030019e-05,7.400322085737365e-05,0.0001745122232912252,0.0001147597619604364,0.00015997430202586028,0.00019417448976019388,0.00013658784546713434,9.310349686613667e-05,0.00011363756236771554,0.00013751615234530335,0.00017356220834822075,0.00014939821912993503,0.00016960080787087502,9.513484592568792e-05,0.0001001973461051799,9.918245592710354e-05,0.00010951501798051254,0.00013686138281061917,0.00013637611711130325,0.00010097063430273045,0.00012085317971493243,0.00012047939319134284,0.00017833349919889422,0.00013984468944547253,6.514471122666984e-05,0.0001339037487151528,9.282178307435053e-05,0.00012961780091287286,0.000131093241909744,0.0001061134868734836,0.0001279308847853571,0.0001483078547991834,0.00012566880616830966,9.752286609630931e-05,0.00011040175242867819,7.813556424208731e-05,8.664939724586491e-05,0.0001203534392302464,6.957393797762398e-05,7.987482157066666e-05,0.00011097892118888537,8.206700466296583e-05,0.00013501653230287063,0.00010210558288334489,0.0,0.00017384211547530996,0.00016626703258413252,0.00011973452952779274,0.00013568924134550907,0.00012101776787443257,0.00012406552532335095,0.00010899813703161205,0.00010153923567563766,0.00011244167021151786,9.783397376027993e-05,9.238540604607306e-05,0.0001519080704523737,8.093699963327511e-05,8.97418102483149e-05,0.00013675878760488372,7.95130948044424e-05,6.152623711116333e-05
53,0.0001006370721316438,0.000159911909778266,7.088682041510762e-05,7.40032602348633e-05,0.00015125657172783234,0.00010897951729632191,9.151874007950265e-05,0.00010879174496939419,0.0001317037853068487,0.00014476130419810917,0.00010227278721997296,0.00014946140976949748,9.78199755023061e-05,8.042264255072448e-05,0.0001136097308575214,0.00013055565708436985,9.325913894441555e-05,7.743232318781685e-05,0.00011369852142007017,9.914595424578737e-05,0.0001279006775702326,6.72210404231588e-05,0.00011329325965470269,0.00011152714817619559,0.0001331801067564246,0.0001265703242734293,0.0001487432066045575,9.282849152186165e-05,6.469205062905982e-05,0.00024096418143682553,0.00013969239376477447,0.00014255841967793502,9.016873100845348e-05,0.00010819776213625736,5.760053771600376e-05,7.624882835855923e-05,0.00011163789123552427,8.154529730780199e-05,0.00019240077463436695,6.912610016108685e-05,0.00011418579081673833,0.00015928352964508232,0.000169917075386579,0.00011707019126530331,9.872971796671877e-05,0.00013436620808261613,0.00011185748959489415,9.468781731897778e-05,0.00019702107520166862,8.102828857124628e-05,0.00012196609190022584,0.00015651123931994282,9.150217748809462e-05,0.0,6.319383474830066e-05,0.0001415642723425737,0.00011613433105057637,0.00014545730506294627,0.00017077354621172576,0.0001964343469713723,0.00011662797174506818,7.553211012740116e-05,9.472723144828422e-05,0.00012167338514504125,0.00010704737225622772,0.0001349136000499864,9.73195360190176e-05,0.00016938659002952813,9.775840182642963e-05,0.0001312838056786947
54,0.00011383102521854848,8.548379695487763e-05,0.00014628487867997714,0.00014608246856706047,0.00010862324406112814,0.00010122251684698103,9.962075400274156e-05,0.00010984125955887357,0.00013172926896274276,0.00011609200632807076,9.475764024198734e-05,0.00013122978747770003,0.00011916126788548655,0.0001876815752061999,0.00010840688463447867,8.383539011446261e-05,9.698024360454784e-05,0.0001801763551357057,0.00026594072150748016,0.00014671095708297476,0.00014102097812440686,6.959743889495726e-05,8.219084280097372e-05,0.00016173886713505398,0.00013778525187417123,0.0001340328326378249,0.0001634204044279899,0.00011771224658739863,0.00011475567804984564,0.00013413807271299942,7.611764785851802e-05,7.788853921803169e-05,7.986390318435457e-05,0.00010624892003086615,6.522084521899371e-05,0.00018287440729328517,0.0001254725684523871,9.521130655932736e-05,0.0001534079345339345,0.0001395854011623884,6.0993378534699486e-05,9.909204683616046e-05,8.03692420815324e-05,0.00013924643409561922,8.338506973299145e-05,0.00012268391908827275,8.306410429387089e-05,0.00010543726582876461,7.724774063182976e-05,7.584114942102406e-05,9.835682424110509e-05,0.00022906248900198404,9.865293119345067e-05,0.00013376078490247908,0.0,0.00014458729110379927,0.00012786470798387126,0.00017168206243207916,0.00010447894539866728,0.00017646351617252827,0.00010169874723453663,8.222102308461678e-05,7.068943508202176e-05,0.00014308483146245168,0.0001609816281699787,0.00012317849296313832,0.00013627624190025493,0.0001315311067023925,8.018818578396372e-05,8.923102789893967e-05
55,8.509234522496404e-05,0.00010776183363424491,0.00013987953363171044,8.44679110558995e-05,7.592548477179726e-05,0.00019603145508540956,0.00012055594712792978,0.0001231760405301732,9.735029536183661e-05,7.750093992293142e-05,0.00012939825937805877,0.00010587084216169519,0.00011281449050404707,0.00012544023423279214,8.99876122719371e-05,0.00015989676545431742,0.00013622121199245702,0.00016906911900358088,0.00013531178357348555,0.00013653993787568985,0.00014134388510302437,0.00011129860988661936,0.00012813168965965276,0.00010814300318293141,0.00015258215069379282,0.00014049025214648344,0.00012292334782240338,0.00013191385662390874,0.00012170110776732064,0.00011402484579038368,0.00011561170960290476,9.518952895012762e-05,9.349175524159775e-05,0.00011324493198417361,7.45054414176242e-05,0.0001376895391019118,9.074945608175274e-05,0.0001115815412780147,0.00011562514908303924,8.535121365416401e-05,6.200002051798537e-05,0.00012792804022154314,6.746418349007298e-05,9.388797444026093e-05,0.000140581196110331,0.00012263441380122532,6.532706773568579e-05,0.00017602023534471825,0.000164294722768913,9.163118490453587e-05,7.580010569502889e-05,7.717007724148518e-05,0.00013856827363853514,0.000140022390613835,0.00011843279860561814,0.0,0.00013341299405758594,0.00011746980043975286,8.695451622819181e-05,0.00018458000171559107,7.302793771123355e-05,0.00014046503987290155,0.00015865439375018606,0.00014561546924475363,0.00014613072841191023,0.00012598367549589626,0.00011132327191206478,0.0001244177751735262,8.275210886107836e-05,0.00012523090588019512
56,6.635177827398867e-05,0.00016141060426112268,5.757111037787177e-05,0.00017054120932003477,9.265260038431848e-05,0.00020980593938577907,0.00010343512339171812,0.0001460951813794439,0.0001298713238861665,0.00010779045841914938,0.00010154016987197923,0.00013047375255831838,0.00011878886128073113,9.034024514485918e-05,0.00010221447773810028,9.837997980172856e-05,0.000128461209710073,0.0002874081821307048,6.054802729451831e-05,0.00013046875368568584,0.00015335479730942215,8.822620354715646e-05,7.96231347445121e-05,6.747463932922348e-05,0.00011204858430978676,0.00020504339181360185,0.00014910505662457627,0.00012700401576996103,0.00010752878926238463,0.00011673167584784064,0.00010424604282934113,9.34943214731006e-05,0.00011308472229040356,0.00010473107931638812,6.360785067963089e-05,0.00013587092490808595,0.00013093595667404683,7.61156841209165e-05,0.0001707492881370098,0.00014311208413132092,0.0001399207191373147,0.00018247934113678978,0.00013186575087320484,0.00012318718545764682,0.00012631723540057734,7.414985170499115e-05,9.072252095894185e-05,9.168335555362893e-05,9.568451524140782e-05,0.00012178939583289574,0.00010787319923329699,0.0001192989500134151,0.00016508650644649284,0.00010648939237774534,0.00011414305088630272,0.00016665781501137568,0.0,0.0001497843887696348,0.00017325332565688026,7.774149016794694e-05,0.00013600563728957075,9.41653386587995e-05,0.00011659061365014656,6.561055056027276e-05,0.00010460533986611296,9.628559489901987e-05,9.141632874462502e-05,8.219488850262066e-05,8.810085890410643e-05,8.315828423409185e-05
57,0.00013287585243216844,0.00011665090711127888,0.00011908987651560418,0.000147474328442592,0.00012640609228063918,0.00014674887417718155,9.910189308051369e-05,7.016668464589597e-05,0.00017338359393322025,0.00014372669627791355,7.616865357823796e-05,0.00016159096231075225,0.00012463340272775023,5.8774916656186676e-05,0.0001441280085874488,0.0001882120232421546,0.00010031313651908364,0.00012180396154371894,5.770415960384803e-05,0.00010396549162495349,6.83649424872341e-05,8.821453623204497e-05,0.00012243989525519353,8.527235910507688e-05,0.0001532343607039018,0.0001045732280792028,0.00015497497396492398,0.0001283103185527253,0.0001590778492307463,9.591881760856951e-05,6.642758750983087e-05,7.794816844527038e-05,8.14447835930887e-05,0.0001516092302389565,7.884632241073592e-05,0.00011696265584466836,0.00013259785144141984,7.104453138469649e-05,0.00016925215522164736,0.00011153107411949188,0.00017290179053847988,7.334205516155927e-05,9.012119044848972e-05,8.652394718991431e-05,0.00010862335874727964,6.945018558926867e-05,0.00011755425941584921,7.514493429959754e-05,0.0001360155523831477,8.690964871294215e-05,6.050384555066869e-05,0.00014610270027875003,0.00011061103822829296,0.0001561805320587522,0.00021357410204630997,0.00012763753548271242,9.136194795890873e-05,0.0,0.00011939622380208481,0.0001402062741702688,8.630804362894094e-05,9.792014607542442e-05,9.341659417553581e-05,0.0001201356370593868,0.00011652451649552187,8.687011277542068e-05,0.00011991350812945374,0.00017614131025251684,0.0001081385070675559,0.00013561582367979173
58,9.632727217703922e-05,0.0001243106417604932,0.00011411296259643548,0.00010398203448792572,0.00014920583525692145,0.00011795673842586079,8.486980409016937e-05,0.00011474910906305685,9.340374069437386e-05,9.105943363575892e-05,0.00010578796634065354,0.00013051590198783413,9.588006732593431e-05,5.712840358721578e-05,0.00012262303040116247,0.00012859025704615437,9.369446717168173e-05,9.15107874464876e-05,0.00012252784728173375,0.00019779552349200974,0.00010519297813599099,0.00013460799522866952,0.00020668629222241077,0.00016841732503747997,8.969019594232757e-05,0.00021079382138741156,0.00013658637076228227,7.455679495860083e-05,7.229899199242397e-05,0.00012805239823793945,0.00010893765025376239,9.46592466105807e-05,9.173262993813615e-05,0.00015698801943658705,5.6093220418989484e-05,0.0001122096934061605,9.885368474536064e-05,7.760062247850936e-05,0.0001496313835749989,0.0001129782147198338,8.86158964988606e-05,0.00010431747074625218,0.00014573664961529834,0.0001291178253195034,7.387700226558332e-05,0.0001001500319027151,0.00014220955907298048,7.192395376337898e-05,0.00012718076235324736,0.00011690904924729372,0.00010493564178507659,0.00013111414170250047,0.00010026347143993292,8.962800938168047e-05,0.00011185740439557442,9.526918773706937e-05,0.0001415162826997286,0.00020284917751934475,0.0,0.000151993165828357,0.0001578264756395569,0.00010646268901598496,0.00011490990628333232,0.00013402227779187015,9.05329950457247e-05,8.392445144760153e-05,9.971752982010525e-05,6.378675777446467e-05,0.00014036018028085791,9.425480981678295e-05
59,0.0001571761605305316,0.00011313609307243705,0.00011343966500504257,0.00011531221066786749,8.71243661340518e-05,7.27189343788619e-05,0.0001297984010614039,0.00011061630024468076,0.0001865572618400674,0.00011478115891408566,0.00010273311893751471,0.00014057268987473483,0.0001239216659861319,0.00017790397260585347,0.00017575092841469575,0.0001494486259141211,0.00013609304089124717,9.764562781223242e-05,9.035982207486698e-05,0.00023683962060532215,0.00012376818821298365,0.00014843898633431186,8.232196648172177e-05,0.00014649931251883538,0.00010948361918745352,0.00010067516299080792,0.00011297039841243343,0.00016482115910328613,0.00014130996773709675,0.0001606240257517568,0.00027780875357535754,0.00010811209926944969,8.173507859185655e-05,0.00011702974661898627,0.00012493251684413822,0.00016422934351279764,0.0002058696080237701,0.0001151708924639958,0.00010313978206332831,7.967429558113155e-05,9.943385686101573e-05,0.00012518687312651968,0.00012475792068759073,0.00011893400526794775,0.00012503699526108841,8.907100746334544e-05,0.0001266256222144573,0.00010229303845236176,0.000122438079441696,0.00014524893809292038,8.769667981313761e-05,0.0002070119027755242,0.00016292035933107834,7.488547553222276e-05,0.0001279876035732022,0.0001397029396554536,0.00013507990035971433,8.777546456933895e-05,0.00013733385046623548,0.0,0.00013270972940287255,0.00012313584963298055,0.00015191281147308556,0.00013996262672484621,0.00011172156208468977,9.368743493193344e-05,7.802937172530045e-05,0.00011617107146855783,7.948354281651615e-05,0.00014182617868674935
60,8.9300103411371e-05,0.0001905361078219613,0.00013484654448757763,0.00011318148445850174,0.00015544987868583044,0.00012289790923179444,0.0001343297593696834,7.918732471509455e-05,0.00013416141473931287,0.00017251099475697708,0.00012771223089603793,0.00016998976436063666,0.00012054081821936143,0.00010205939299093859,6.802492164472316e-05,0.0001404088006946491,0.0001448164476302408,8.935098000257284e-05,0.00015775511335330275,0.00010273618378131802,0.00013213388695198057,0.0001699919911039219,9.092671749702218e-05,7.932166492833022e-05,0.00016108893394993409,0.00013764812753298133,0.00010381776936800988,0.00011894733639670353,0.0001107548364251998,0.00020704779134194515,0.0001231306745694058,0.00016829290550375342,0.00012407157497821729,0.00012355335551568405,7.6081153711724e-05,8.741737449172504e-05,0.00017040981627235207,0.00010067469818312661,0.00015916243061574536,0.00017627234332616272,0.0001798992329767098,8.111349298088887e-05,0.00011437636644422035,0.00010710722383370873,0.00016016194825596556,9.713284148058822e-05,0.00010031539874972344,8.681373460053686e-05,0.00011646437478426233,0.00010298960718684974,9.594673690015111e-05,0.00015667419564230505,0.00012156094635180403,0.0001338698901462259,0.00011233946834207933,0.00010542592841434052,0.0001975081812223766,0.00013028795086012085,0.00013212155400148034,8.365152975437425e-05,0.0,9.646247033930045e-05,0.00014545455193585048,0.0001364077120692429,0.0001006493535501651,0.000145757247319634,7.200450472628123e-05,0.00015743043016658114,0.0001599836006132211,0.00012988416677808153
61,0.00012844850726136066,9.620328625337886e-05,9.699912948247796e-05,6.534081011900922e-05,5.387825937501665e-05,8.312853697790362e-05,8.242596783899892e-05,0.00017217600483221922,0.00015967379916292877,0.000103076621415904,0.00015230287736083732,0.00016565543698903392,0.00012138683488223938,0.0001383627234970255,7.746211078044006e-05,0.0001561896076545906,9.59075240651696e-05,0.00016608268678387788,0.0001866254710160449,9.678370297496779e-05,0.0001393989738373122,0.00010817044354945083,9.532949660929227e-05,0.00013055614570830508,0.00011131766780912699,0.0001134116511609608,0.00016758932655798288,9.999357498192999e-05,0.0001083156957873946,8.967382783814624e-05,0.00017983145106272936,0.0001666605623016646,0.00014642094338834474,9.403349815129388e-05,0.00012917160782482498,0.00011302389557207777,0.0001635944168557791,0.00013763686639957918,9.792232342804288e-05,0.00013623372367890717,9.261652506337927e-05,0.00010993700044869105,0.0001118903264812362,0.00011150561233080799,0.00011007662530383715,0.00010644584945992955,7.814819965900455e-05,0.00015325248400967245,9.25497116759676e-05,5.8925915350686614e-05,0.0001630826294660236,0.0001462107625668173,0.00010021090029949503,0.00012213511784826687,8.286439392002477e-05,0.00010741487466717502,0.00011089860943903241,0.00025036624642133117,0.00016838970317189787,0.00010265885834632424,0.0001286787355980886,0.0,7.616686447441408e-05,0.00010969189023814433,9.126291719507551e-05,7.121771004569794e-05,0.00011173910972176746,7.298063630549242e-05,6.127901886100645e-05,8.585869382797427e-05
62,7.648287601308445e-05,0.00011506156152214141,8.740716163654268e-05,9.029519113807478e-05,0.00012984648234574186,6.503166763160076e-05,0.00011844566406383544,0.00012125136468407093,0.00011181119232849694,9.777458728226851e-05,0.00012970438317895484,7.459449838941546e-05,0.00014178496075965992,6.792033278073438e-05,0.00016072165229421827,0.0001532557678580123,6.952975220274825e-05,0.00013468334590885727,9.247787241966332e-05,0.00014807700766011054,0.000207182614186526,7.173459390133102e-05,0.00010881301945310337,0.0001415094538232612,0.00012440218468091595,0.00013053155572131136,0.0001367993303026562,0.0001282724382706978,0.0001261119206946775,0.00011156995903514165,0.00015984546713345544,0.0001127195409252433,0.00012439315265393042,8.466939934159567e-05,9.246863184994164e-05,0.00018518107407682744,0.00011030179826955328,0.00011719635568260748,0.0001561293998301555,0.00012019307547809714,8.152311514514486e-05,0.00017595060024041306,0.00015162417853981173,0.00012193998772030337,7.496313609083028e-05,0.0001335372308129615,0.00010846282369400273,0.00010346294737008254,0.0001692298910612122,0.00010104952182861478,0.00013503594620062323,0.00012454967907111285,0.00012227774187551508,9.176747422364137e-05,0.00014658738337322208,0.00013992397688080742,0.00024499787174159525,7.760274752523414e-05,0.00016797250459253348,0.00013685811168137163,0.00010669021957089945,7.80875092979423e-05,0.0,9.158660135149364e-05,0.0001945061296197458,6.639693009947218e-05,8.172477343839695e-05,0.00014504612651582293,8.006763608231265e-05,0.00010640620747199515
63,9.688261525350634e-05,0.00010919560650975342,0.00014132949496186995,0.00010047471119602219,8.54082203382304e-05,0.00011882021410925138,0.00013887884289588283,6.670143499122418e-05,0.00013748028714876716,8.864244268626506e-05,8.227182402321641e-05,0.00010583128778781109,0.00013151442836004093,0.00012044853105303156,9.768790265034545e-05,0.00010768674098441494,8.870595698302779e-05,6.857302016727689e-05,0.00018094923972560467,0.00011692325099714411,9.921919376872543e-05,0.00014874316299892833,9.047015067358924e-05,6.925663700396603e-05,0.00016404826069474807,0.00017082315555302458,0.00017167494656250014,0.00011798281468590509,0.00010726985765911934,0.00012598311549954347,0.00010671536731811127,6.486699337075711e-05,7.455372312463686e-05,0.0001051771818144085,0.00012391707762840823,0.00013826271382547713,9.980786938741963e-05,0.00010413489682668594,0.00010103241934392779,0.00016980769195962521,0.00010798115174119893,6.420616088837324e-05,0.00013743302482338086,0.00011417174147389857,0.00011192506081564773,0.00012979964225444998,0.00010355200345532212,9.690904792530584e-05,7.522416869501366e-05,9.722940388911798e-05,0.00010860029975907785,0.00010975769306012403,0.0002320168984550308,7.879042121127624e-05,0.00013881245089103944,0.00020793870050494015,0.00018517778215753445,0.00020953671474804452,0.00010091637464677039,0.00012874872365868875,8.241918476692906e-05,0.00013641388339614085,0.00014534408394621532,0.0,9.118299971064765e-05,9.517374888680624e-05,0.00010793380080282893,0.0001413417415554591,6.649711315047034e-05,8.80632067521571e-05
64,0.00011512189942171234,0.0001226622744210644,9.691293823641313e-05,0.00019357059886296646,6.831033665810438e-05,0.0001184957408800113,0.00010852878921722167,0.00013216193201936872,9.241285450360136e-05,0.00014535269574251564,0.00012135864478553161,0.00013051301076311361,0.0001684639319632282,0.00011185398454952853,7.054459161016672e-05,0.00010344720199859821,7.428704581764722e-05,0.00013663946079562914,9.225667219583481e-05,9.089461364003752e-05,0.00011336151553973985,8.051032837779831e-05,8.218534870152642e-05,0.00011850150853909496,0.00014558667328673424,0.00014434547317398804,0.00019296926865968868,0.00013149858055564988,0.0001243992571719205,0.00010503931631331401,0.0001013283115818467,0.00014804939620929452,9.659705020041092e-05,0.0001743603010638312,5.993364776420485e-05,0.00013950411016996583,0.0001383415018544995,8.518607986186122e-05,0.00014439902593079253,8.972706327997215e-05,7.869360183373846e-05,0.00014275425242957056,0.00011718346268763306,0.00011767815532002795,0.0001252994563010696,0.00011076858795305272,0.00011576339541346955,9.638415334199115e-05,0.00012864185909659893,9.247641944259454e-05,0.00013720407679811464,0.00018702195965995992,0.00012695641713192002,0.00012331714446679284,0.00015067592924475543,9.937744202765404e-05,0.00022546732324943178,0.00010077596544905205,0.00013087282234143716,0.00014655560208052184,9.595314534317122e-05,0.00016886265592249352,0.000144779296051765,0.00017185629614628888,0.0,7.58234657221606e-05,7.67629380924278e-05,8.719142801496874e-05,7.037969310377275e-05,0.00011180224398454108
65,0.00011602968600583911,0.00013462369577961017,6.674074868546309e-05,0.00015016302110090526,7.825435325804777e-05,0.00010399093345784729,0.00010084637907368228,9.09105665321342e-05,9.997291163075228e-05,0.0001224723991215558,0.00012240104533633195,9.334194098070785e-05,0.00013544357893753564,6.997249391349157e-05,0.00017017216592655205,0.00012383829166264459,0.00010112658291866894,0.00015183777276437326,9.176069264253154e-05,0.0001243723480605915,0.00010755117935539996,9.08524949546007e-05,0.00013461978228461027,0.00013635557532173438,8.741491640645063e-05,0.00010622311744906754,0.00012265218651097233,0.00010578404502404691,8.38564139865357e-05,0.0001285716361816109,0.0001286950520640488,0.00010476363973511657,9.706576431531647e-05,0.00010782668193759352,0.00011573685395193955,8.310494755541713e-05,5.510183183068427e-05,7.040712681013784e-05,0.00012094714117998877,0.00019602996021883396,8.993808669270804e-05,9.241453355308285e-05,0.00012174605810916418,0.0001350398209684204,0.00010166407076798761,7.549502038979527e-05,0.0001494322338796679,0.00015625374058481518,0.00012005499140626969,0.00010651416019677508,0.0001579540000165567,0.00011465518615322901,0.00011497451660632808,0.0001626042824485849,7.936417423425617e-05,0.00011113947501420943,0.00012747795370171683,0.00016553305904457513,0.000100767045453413,7.57623565785656e-05,0.00010387730757935711,8.138802876980812e-05,9.940994075937141e-05,0.00012786010755897088,0.00013382363748907055,0.0,6.575516189035538e-05,0.00011912010365066714,0.0001092380126996692,0.00011483311017582084
66,0.00012801593430451653,0.00012856651406439808,0.0001539498392077121,9.326707603930978e-05,7.700745679753551e-05,9.898487853478341e-05,0.00010017807747989165,0.0001473177959006319,0.00013841343039479225,0.00011837220073344843,0.00010117632341498729,0.00014565312615364226,0.00013408453059475837,0.0001124333236271125,9.597331701569871e-05,0.00019572053539834814,0.0001426415920252988,0.0001271789901681608,9.447887641503011e-05,8.220262193583352e-05,0.00012653609633540022,0.000107507006100827,0.00013859640571571745,9.090424873158773e-05,9.974302433953386e-05,0.00023761305671589383,9.300016281525287e-05,0.00011001949659956906,0.00011041430688470277,0.00017605916890320566,9.467068044492321e-05,0.00011476944805273001,9.770010951153778e-05,0.00011979522748906356,6.723597361965243e-05,8.63639436674109e-05,9.077218870287546e-05,0.00011033583452821962,0.0001388325776561727,8.252079165568713e-05,0.00011259558258599646,8.331106232026013e-05,0.00012279780343507434,8.499917954706564e-05,0.00010325850881668419,0.0001002685663806648,0.0001199973271628094,9.472128039284939e-05,9.357744682693437e-05,0.0001403243737662868,0.00011710764864351791,0.0001812996822762054,0.00017046469418282228,6.305064834783812e-05,0.00018698226011353738,9.14527079058476e-05,0.00010120154938782628,0.00012669768593053082,0.00011974315851907289,0.0001990789489393653,0.0001607745661889432,7.405370560734956e-05,9.212370329979454e-05,9.43525624825664e-05,0.00017355862441521176,9.886639268655759e-05,0.0,0.00011170523516702477,0.00010099174078712523,0.00011491919494981712
67,0.00010294838728886765,0.00016548427101414182,0.0001344546884396336,7.91644442713798e-05,0.0001178117525795654,0.00012481814625882537,0.00017139600231238125,8.992704393439271e-05,8.565489537003617e-05,0.00014439868500281213,9.751472590403357e-05,8.971616469370651e-05,9.906097404383801e-05,0.0001243579910245486,0.00018548320523254974,0.00012328181237803297,8.506005292438185e-05,0.00012525452422412956,8.293326555662591e-05,0.00010859195068940313,0.00010163247014609823,9.84872234795957e-05,7.893711749293706e-05,0.00011113326701763475,0.00011924292013561911,0.00017591508618972394,8.20702444661323e-05,8.891328335916885e-05,7.076680739486695e-05,0.000162843302695694,0.0001358808600145899,9.844216740842892e-05,0.00012313751513401397,0.00014178718607130606,0.00011834106230061067,8.437648259537216e-05,8.784296472426283e-05,0.00010959072260551122,0.00012948197042239118,9.89211057699628e-05,8.553807828148057e-05,0.00011038808331688765,0.00020213214065312193,0.0001262320453037372,0.0001021129669243688,0.00011748033373126087,9.693438158393351e-05,7.185752232338555e-05,6.927650675604841e-05,6.399243535044498e-05,0.00010080494904010294,0.00014179749659145962,7.77883395084278e-05,0.0001232876708198922,0.00010030328805765296,9.467192570157535e-05,0.0001074561162386982,0.00011997577163373224,8.323109575375382e-05,0.0001464230511128782,0.00013298060873192225,9.928716731467298e-05,0.00011541476585240737,5.966500409288011e-05,7.248934732450302e-05,0.00014083863251942118,0.00010029543102031243,0.0,7.23586252693517e-05,9.900792633646119e-05
68,8.6186187498787e-05,8.607937463492683e-05,5.505907395984778e-05,7.506588160184167e-05,9.114680982356027e-05,8.008202791040027e-05,8.653183424977145e-05,9.15338885137338e-05,0.00013955907119103374,7.758673094074242e-05,0.00010099771772965663,9.015600680367086e-05,0.0001787787566354923,0.00010039298815968255,7.464406008604108e-05,7.183008359616013e-05,9.659678934018022e-05,0.00019406865752329806,0.00014810967218215456,0.00011430466124779492,0.00012480359908323126,9.250620434596246e-05,0.00011227953960198472,0.0001638109868117673,8.356814865248896e-05,0.00013633908717538117,0.00015625244447260828,0.00010914824343257264,0.00012183018450023904,0.0001515560305899927,7.953977642250154e-05,7.95396220575969e-05,9.988538562712241e-05,7.898277207604902e-05,0.0001021657967039345,5.497443741401419e-05,0.00011666555389263102,0.00013601650411571177,7.708768069833945e-05,0.0001720232177891997,0.00012378125932677216,0.0001324503885465937,0.00013368881490238065,8.607200105708106e-05,8.375061977437768e-05,9.695348195670144e-05,0.00013665810267803427,5.873406259086646e-05,9.264951778038018e-05,9.912391545129457e-05,0.0001487766245272242,9.867351896013074e-05,0.0001333824299498966,0.00014142389596640616,0.00013268564991615028,8.339094116563826e-05,7.83432050356402e-05,7.155123286350831e-05,0.00011678626699790054,0.00017378173919509722,0.00010102298534757877,9.216473243133217e-05,0.00014051886680225512,0.00012855926775217702,8.713112520630743e-05,0.00013798457492074847,0.00010997789641337149,0.00010135722241988322,0.0,0.00013807044088152013
69,0.00025158405040377437,0.00010178619040542278,0.00012216805395801666,7.024452397912112e-05,0.00011959694672137707,0.00013086201848530314,0.00019418665606469433,0.00012434945032532453,0.00010511634260806392,0.0001249791024781801,0.0001179180651188925,0.00012289086661171073,0.0001269507463275955,0.0001325352826745576,9.571417921597222e-05,0.00016276202993645335,0.00015647907551610582,7.469033852877963e-05,0.00011426303520060301,0.00011040154545260617,0.00013637942664744085,9.231190025340288e-05,0.0001821252893694834,7.821298086525823e-05,7.281613452107888e-05,0.00014064278696423647,0.00015586301120274108,0.00011642758926477654,0.00012405955247777868,0.00013698151664587527,7.595834647425825e-05,0.00016705133227135177,0.00013030112259112945,6.052932953852397e-05,0.00010207220351207516,8.46553138295272e-05,7.917111547910144e-05,0.00010409624932390824,0.00013972520433389095,0.00011293525179016466,0.00010050613708318475,0.00017997014779893458,0.000110599940945282,8.676511088953192e-05,0.00010820575874871148,8.776577983337551e-05,6.042315886372922e-05,6.681816647124125e-05,0.00020138213502437013,8.99985557115147e-05,9.522697723355701e-05,0.0002470503098045171,7.416145724345096e-05,9.373496930919891e-05,0.00012516309446222292,7.780390618637393e-05,0.0001367491987560311,0.00011356388513026812,9.829806715128555e-05,9.748736547483944e-05,0.00013323442213695254,9.673201805142384e-05,0.00010472861236861317,0.00010096160476619384,9.653586116816846e-05,0.0001006492786017978,8.37154797571543e-05,0.00011726520874389502,5.732901464090724e-05,0.0
