,0,1,2,3,4,5,6,7,8,9,10,11,12,13,14,15,16,17,18,19,20,21,22,23,24,25,26,27,28,29,30,31,32,33,34,35,36,37,38,39,40,41,42,43,44,45,46,47,48,49,50,51,52,53,54,55,56,57,58,59
0,0.0,0.0002467788578031029,0.00013578800819647816,0.0001514505293811005,0.0001252237498207663,0.0001115032183210416,0.00011209893174260017,0.00010129211954720686,9.391622456901205e-05,0.0001097359301477943,0.00010381680934916871,0.00011722669490974444,0.00011334223539127997,0.00013883285781256404,9.353976542676114e-05,0.0001363717167504052,0.0001004757312694273,0.00019748744672700333,0.0001000952846903419,0.0001674216605398474,0.0001261837222795023,7.331095869201633e-05,8.249679370042932e-05,0.00014266212958637158,0.00021262471535231177,0.00012983062513802966,8.035216982514075e-05,0.0001418125789605111,0.00016995927443585825,0.0001319183020368364,7.817716884128124e-05,0.00010523550014214141,0.00020536471791553267,0.00014479047899593192,8.063379793671911e-05,0.00015048711701245098,0.00014422753546091131,0.00012540908904483668,0.00015018439439948297,0.00023371668797805435,8.981933650799953e-05,0.00014228821449366197,0.00011086257477247241,0.00011286648049468047,7.208449995466447e-05,0.00011367307992897687,0.00017561749522486864,8.9007802796575e-05,0.00015608303514122153,0.00014499880635927321,0.00012662783537939308,8.193748503056363e-05,9.790827824540145e-05,0.00032879885156290666,8.255413731264096e-05,0.00013809282536805375,0.00013434515406603837,0.00011764172112281926,0.00013588081002312443,0.0001585417825612822
1,0.0001437515006501188,0.0,7.434656698729382e-05,0.00011349083196761156,0.00010216153686876116,0.00013937588427676524,0.00014807955343768987,0.000132003132829973,6.918699118916732e-05,0.00011005240500364921,0.00010162458468300069,0.00012176982170143598,0.00017075856026710454,0.00012018286626289767,0.00011264857295875859,0.0001405848109202472,6.817940222669188e-05,0.0001292407397885035,0.00010886577971366667,0.00014099947285196702,0.00011777030226160144,8.143047547138322e-05,9.829133888382414e-05,7.684163691756818e-05,0.00015452102050363622,9.226686488550211e-05,9.346103644509222e-05,9.95885913079455e-05,0.00011638684313741665,0.0001007524049637645,0.00013900014238869566,9.055951143764897e-05,0.0002227344053640549,0.0001291410851021177,0.00013952593696361693,0.00011396742998896972,0.00010440578602185671,0.0001226820146876601,9.942973025505121e-05,0.000244452706987555,0.0001192701606842217,0.00018393838539920628,0.00015679112846504113,7.059977265416413e-05,0.0001279739455315526,0.0001516883103855582,0.00019035815288698542,0.00015366384384594425,8.29620620870851e-05,0.00016671121015854042,0.00010820680950798683,8.258087860646109e-05,8.684678221482888e-05,0.00013668270931004001,9.772659879071336e-05,6.034461165174291e-05,0.00015061990955275817,5.9346250046743474e-05,0.00010143155665898965,8.985834144286601e-05
2,0.0001436835515543557,8.547334029426134e-05,0.0,0.0001683003720865243,0.00016323429210542674,8.296919471249924e-05,0.00014658652635788722,7.668423577121852e-05,0.00012286980575066934,0.00011260677479959308,7.415532791921728e-05,0.0001490634520818703,8.801644675586756e-05,0.00010932960432200533,8.437312827276936e-05,0.0001093191361398919,7.414892718848205e-05,8.228871956439503e-05,7.944636511597445e-05,0.00013426028411507338,9.924376345370198e-05,8.0682008589629e-05,7.820684101788733e-05,0.00010195989597207957,6.680415464560465e-05,7.426292943874442e-05,0.00011262743204360276,0.000152953969984686,0.00014748962296338308,0.00015967002187241186,0.0001275523549460319,0.00015705980926610414,0.0001340968144026009,9.98878240750407e-05,0.00010698991524910272,0.00010384123999879097,0.00010186818047819244,0.00013529967568578564,0.00012649920376170474,9.289818158268543e-05,0.00012479841366169205,0.00017443952570831849,0.00016309804598695126,8.829851535939925e-05,0.0001236950877306941,8.888360304448609e-05,0.0001602685420769573,0.00012725314412635665,0.00011029220281564933,0.00020366642873732355,0.00010317239130209392,8.420038050968561e-05,0.00016700525788421126,0.0001375435976389919,0.00010117344943346247,0.0001689309776150324,0.0001581937065004506,0.00013159050629855793,7.542303308218093e-05,0.00014001223210556064
3,0.0001774126449444717,9.375715384491828e-05,0.00016663974683031496,0.0,0.00014582482019909963,0.000188836219995352,0.00018308407393388337,0.00029311311344042205,0.00010737075523234535,0.00023781930521240598,0.00011934676703735143,5.310281756897707e-05,9.8043959011696e-05,0.0001422178996847924,0.00011461726206807116,9.731760929933148e-05,9.656455215496866e-05,0.0001650574600532429,0.00010360339469538581,0.00013369838974906057,6.925251751808858e-05,7.134547295426034e-05,6.833777375965172e-05,0.00012131016820642016,8.06296950618191e-05,7.759739608865255e-05,9.24352103125461e-05,0.00013808640481005464,8.660004785407138e-05,0.00010555586996681796,9.025705534623404e-05,0.0002136192415241779,0.00012653524267903024,7.320523769237147e-05,6.750333055685243e-05,0.00011662390743380937,9.606716964438911e-05,0.00022103411060467415,8.484298196020058e-05,0.00011655252885575315,0.00014831889250356802,0.00012992245980341836,0.00010586958559541026,0.000172267493452934,0.0001090556563004894,9.60670604279638e-05,0.00010607681382228302,0.00013146319263343756,0.0001327762569056795,0.00028471411772569013,0.0001837773408316843,0.00010869941912364688,0.0001400283501224638,0.00010653276555303016,9.90865576228728e-05,0.00010515688400437057,0.00010438996760280352,0.00010278300687529381,0.00010650677397765985,0.0001309964693199542
4,0.00014337107821290777,0.00013655036872014544,0.00013766305844467754,0.00011535111388848165,0.0,0.0001445558175005667,0.0001055801266639689,0.00011087390766848758,0.00013111771297731143,0.0001303807415336558,9.018562794837036e-05,0.00010395487246267861,0.00016829994010503845,0.00013311612660190514,8.95653235387215e-05,0.0001368218346300888,8.71395568940386e-05,7.091472432124081e-05,0.00012355018618741268,0.00015672890633652552,0.00016662579115047114,8.527498783955645e-05,7.534907219190653e-05,5.6888070367488856e-05,9.757558288550051e-05,0.00017233406903257936,9.68248004537825e-05,0.00010475475466694059,0.00014865295598223195,9.817237775691885e-05,0.00012866638062434974,0.00013772439648515808,0.0001100767775396909,8.038021558293517e-05,0.0001317364398569271,0.00014957018186565114,0.00017491841895487742,0.00022357627282956234,0.00014371529670056666,7.538631580476378e-05,0.00011837635123680363,0.00013148476077733508,0.00010555061002621194,0.0001323758586886639,0.00011700208166065223,8.106044810473798e-05,0.00011617265437585115,0.00012271016448718851,0.00015480875521994971,8.312227686455848e-05,0.00010183020498592173,0.00010377027055076699,0.0001133366277222441,0.00014749616278457718,0.0001497472838731456,0.0001621340503556514,0.00012980598734549292,0.00010764867338209348,7.14593139781386e-05,0.00012201328068166274
5,0.00014066505317943768,0.00014195310883320935,8.311522746125219e-05,0.00013236723988454234,0.000175372757856384,0.0,0.00015411091509491063,0.00010129979189877998,0.00017890718034450342,0.00017453367987562083,9.175524307373613e-05,0.00016719270925360353,6.110419892848899e-05,0.0001488319656449775,9.75788854601818e-05,0.00018750135135715818,9.453218550672098e-05,0.00014049700984170181,8.384205705786069e-05,0.00014575315049631852,9.31767547788645e-05,0.00011742817444457763,8.862172322523413e-05,6.64017655095353e-05,8.691516875385666e-05,0.00014375673426747195,0.00013163817804770064,7.247576314408207e-05,8.749339524872501e-05,0.0001525976640157436,0.0001185279064316182,0.00012105009890224948,0.00010025742063923662,0.00015948457551603424,0.0001822123266537194,0.00010546549182778917,0.00018599654660483728,0.0002988380767297435,0.00010298581330600019,8.088948960518852e-05,0.00010910483807657062,0.00010086639271784957,0.00015567300079683127,0.000137917654630758,7.464658588376287e-05,7.897752922570968e-05,8.747433737970624e-05,0.00012055639308960427,0.0001298472188500845,0.00013580436901677114,0.00010680381368913234,6.889283567501485e-05,0.00014919899959498143,0.00016104504787269568,0.00013148376327992174,0.00010095421635884301,7.43027820341739e-05,0.00010080258805559931,0.00010770116947213835,9.572426727883452e-05
6,0.00011424321877120614,0.00011773626088425624,0.00010806401107429517,0.00021710405378331878,0.00016618522074538154,0.0001292802359011528,0.0,0.00015416974597734013,8.192296472929633e-05,0.00018480774309751014,0.0001585426447814108,0.00013267448235472503,9.74960396408065e-05,0.00010210681077239909,7.864771764634638e-05,0.00012916842938934584,0.00013127669436238876,0.00014375089547366462,9.73840227650259e-05,0.00013148832975439181,0.00010789636860507921,0.00014086611852149686,0.0001066359086588709,0.00011615588677406637,8.669031641149928e-05,0.00015148934217217873,0.00017461951793201497,0.00010428649516234625,0.0001447415273188205,0.00017474736503858408,7.766478496081496e-05,6.209516569197394e-05,9.992887613456928e-05,0.00014544137284969004,0.00017192192682583942,0.00013292400958692262,0.00013274917447592293,0.0001027638411029296,8.63169664872839e-05,9.190225769621726e-05,0.0001133416724710033,0.00010941794439034254,0.00011315239021827274,0.00010141669401012485,9.790017036667672e-05,7.724908234360105e-05,8.87864871427297e-05,9.046768622485926e-05,0.00015428895844878075,0.00012790421659731121,0.0001558194014115612,8.081096269137144e-05,8.651910995221967e-05,0.00013865412923095058,0.00017258442894101385,0.00015560016898818755,0.0001150154902714292,8.602773183266457e-05,8.498672581268794e-05,9.078884493640223e-05
7,8.438662493366152e-05,0.0001105803985769465,7.907930686856132e-05,0.0002907302983349646,6.742639410886116e-05,0.00011267381537578098,0.00024180265399376138,0.0,8.636150857977454e-05,0.00011440321002226613,0.00015560873225644692,0.00017720831840315816,9.611175325710188e-05,7.915144283961562e-05,6.660793643597676e-05,0.0001307225482414288,6.85283591337483e-05,0.00014124676978841819,7.959707001503372e-05,0.00021089322428026466,7.541679362605353e-05,9.03594651579052e-05,0.00010636385670680027,0.00015583745551276304,0.00010425584268306653,0.00011429888061802366,7.778951384144907e-05,9.06140601800824e-05,9.874009879276278e-05,0.00010447589144113885,9.87384801362788e-05,0.00011413586745698212,6.569621856307834e-05,0.00012728413464122948,0.00014685145708236575,7.334650029490366e-05,0.0001357930631141158,0.00012238774063917098,8.19466792875205e-05,0.00010971471645150244,9.926335096574682e-05,8.736910956621614e-05,0.0001347540626613627,0.00011688372141213463,0.0001417799110318522,0.00017890128733273272,0.00017772057049332166,0.00016651216457259455,0.00014037407751082832,0.0001638432228738757,8.566325761212674e-05,0.00012160703337959134,0.0002067520976320145,0.0001564328266146846,0.00015546605532168383,0.0001137592295391792,9.594309400567363e-05,5.893932727153153e-05,6.306272027015994e-05,0.00016927243002320925
8,0.0001054991621437274,0.00011921717816025964,7.618215522835367e-05,0.00017546504126743286,8.41438019405802e-05,0.00010919023537341137,0.00010058494434168844,0.00012781465650568263,0.0,7.488139573566236e-05,6.946160741890336e-05,0.0001406738915097201,0.0001009466335077245,7.846038845282934e-05,0.00010362099227404966,7.819917010979744e-05,0.00016248026196865825,0.00012078463529514342,0.00020487774897887652,0.00010151709914116678,0.00011538899638310675,8.889004138905397e-05,9.636319988202669e-05,6.754084313775762e-05,0.00011734261156409478,7.222235983294302e-05,7.218967102429153e-05,0.00012424826699029856,0.00013169882370849074,0.00011601162238051863,0.0001485304236792064,6.83532590369805e-05,0.00014317741104970393,0.00010999745772035614,8.888607715148773e-05,0.00011399563854122834,0.0001227676509140273,6.622647539390007e-05,0.0001592087351320406,0.0001471542142697996,7.307762345404355e-05,0.00019911867107412517,0.00010593979759128602,7.610816413075186e-05,0.00013152479216311445,9.709657159538868e-05,7.605691786365942e-05,9.883442983301176e-05,7.201127612148809e-05,0.00014623401649002123,0.0001854146814705411,0.0001448090702697319,0.0001447872418555255,0.00011380580075452698,0.00010187345843105789,8.381656055865368e-05,0.00017916440174811432,0.00010512602315583577,6.366678770812468e-05,0.00015278363227504092
9,0.0001927262172916292,0.00017476063641873278,0.00011313005482733887,0.0001579895630120819,0.0001056449041494469,0.00010984432730724397,0.0001258873471747211,0.00014969565114968255,9.047466890184941e-05,0.0,9.545579382240892e-05,9.797378004053999e-05,6.040789374288965e-05,0.0001385218670810839,5.817004222888001e-05,0.00012561655324111516,0.00013186174400533213,0.00010774092301886788,0.00011538230326782592,8.334488856894638e-05,0.0001367127339251024,0.00014291281111455812,0.00011187930300544423,7.683752541007527e-05,0.00017615695429029223,0.0001065277332984171,7.44960410456149e-05,0.00010009498556574823,0.00012782123528145347,0.0001468819829907564,0.00010693257727386684,0.00013400059324605775,0.0001266764094352202,0.00012174626232770869,0.00011704650291036238,0.0001405916613456201,9.163234996681672e-05,0.00010060283539727739,9.316057956752746e-05,0.00017973809277760215,0.0001317847163051238,0.00011933743327278447,0.0001384861769784175,0.00014079276610829563,0.0001345694564314026,8.453888219421247e-05,0.00011327541697309286,8.508504931597466e-05,0.00013472169476101085,9.113672344165306e-05,7.552109445264896e-05,9.46442750887797e-05,9.161359021762813e-05,0.00013857489599191413,0.0001342552449732004,8.506400264738804e-05,9.990222834272611e-05,0.00012532400832605413,7.460971126686572e-05,7.418616389049734e-05
10,0.0001936961590465407,0.00019817407722154236,0.00015103075530505393,7.070768860817582e-05,0.0001298544656800773,0.00013879846157108697,0.00014776894780542214,8.453603218174694e-05,8.785662099106477e-05,0.00010558852784132492,0.0,9.362597943128107e-05,0.00011441568750858414,0.0001456174077833452,0.00013257050174559238,0.00021166856402652683,7.255262038894274e-05,9.530401309320204e-05,0.00015802796720522036,6.351056767082944e-05,6.254569172077909e-05,0.00011925769058949351,0.00010157949393938019,9.031000394241017e-05,0.00011030856120756023,0.00011720926216959628,0.000148704625002548,7.11294880469689e-05,9.355796430447999e-05,0.00010987438765966918,0.00010696471232366494,0.0001442904258428998,9.396744044889703e-05,0.0002538660349427618,0.00012043592447514743,8.13203456727938e-05,0.00010857008257341927,0.0001001714397672562,6.155507922479674e-05,8.415271334710635e-05,8.504335263316342e-05,0.00011721131181168071,9.322303257367044e-05,8.462734808888436e-05,0.00010785669985246586,9.597239697380299e-05,0.00013923897042804039,0.00014386064290513806,0.00010322798402302118,0.00011698222253916739,7.62465141779788e-05,8.191798490822161e-05,0.0001417279382243898,0.00010633348809701906,0.0001300822602489677,8.174176038009499e-05,0.00011701164353915546,0.000100066558634775,6.486566354293224e-05,0.00017443314240485257
11,0.00010446554690252866,0.0001656475381187858,0.00020384212393080592,0.0001260283536881421,0.00011991126656752849,7.655490729930316e-05,0.00010530884555498694,0.00010036838804553764,6.029819505581538e-05,6.256443073672438e-05,0.0001248223715282755,0.0,0.00011885795923128196,9.705512225390074e-05,0.0001258227006852398,0.0001620284179418479,8.230751951038687e-05,0.00014098883265174626,0.0001364469731359331,0.0001272089536161867,0.00016307650605819641,7.073438728335728e-05,7.080932177506312e-05,8.821541222263317e-05,7.877965122818726e-05,6.17811615230091e-05,8.085942570018003e-05,9.53806501435986e-05,5.91892552065184e-05,0.00016698010485192055,0.00015886227533109317,0.00011602357623518481,0.00010024266031160737,0.0001138537620173123,0.00012408213202019742,0.00018668770630948418,0.00010792792517818055,7.708564372040775e-05,8.059883936701234e-05,0.00010421111950921169,0.00012798055888694844,0.0001128949798231336,6.425724150843687e-05,7.187265319000032e-05,0.00010735019190676803,0.00013449362863331683,9.626260471722688e-05,0.0001415973976540972,0.00010950393064729755,0.00010685385950353466,0.00020974911229595356,9.215826295711421e-05,0.00012895072504442163,0.0001589633168125387,9.848744071721827e-05,8.914718889863803e-05,0.0001018050718047186,0.00013881624524306462,8.588092378659412e-05,0.0001756234164476706
12,7.067859145387804e-05,8.574045864952681e-05,9.556027228048292e-05,0.00011526335324862543,9.64985474605871e-05,8.816429870287262e-05,0.00013983440708083156,8.313411465402773e-05,0.0001476784779543075,0.0001295175040707365,9.74368549193491e-05,7.969743211848214e-05,0.0,0.00010657975128818269,9.089368474019613e-05,0.0001830748315991173,7.895057627122095e-05,8.048713354005311e-05,0.0001511990389624912,0.0001569457231885,0.00010864569662495664,6.272751911637712e-05,6.24643187924406e-05,9.780039153477057e-05,0.0001279375908958471,6.588846595541431e-05,9.414945883163888e-05,7.319038346641973e-05,6.614298567982534e-05,0.00011279427487310743,8.16023848703484e-05,0.00015667182542261195,0.00013166710992968444,0.00016764116893737898,0.00014645787100081342,9.147578903949565e-05,0.00010526255802061863,0.00012473006259733512,7.37496627005044e-05,0.00010453856111663048,0.00011883115799909525,0.00018188480968202753,8.213444652745517e-05,9.260797058032124e-05,5.5040868430489306e-05,0.0001058380053143889,0.00012284514234596147,8.96688543968122e-05,0.00013208168520950273,0.00016849312767188245,7.87234051158868e-05,6.744792244269049e-05,0.00016832825309142814,0.0001650612632332485,0.00010668844735285068,8.394613664590145e-05,0.00018271729746259876,9.250610542360235e-05,6.900333199982876e-05,0.00013566084885565787
13,0.00010303711410169926,0.0001125758975135284,0.00014103949369350128,0.00016035172654554856,8.887975325133576e-05,0.00011067506058877012,8.129128176972225e-05,0.00011413046983603991,7.53900981023307e-05,0.00014875371026406764,7.266393061917346e-05,9.565225385855856e-05,0.00013031030404715254,0.0,8.533625655852502e-05,0.00019696066802883717,0.00016591959957466994,0.000103351776558115,0.00010079527369025483,6.977506702016732e-05,8.450013386159891e-05,0.00011329188834582592,0.00010672756118521407,0.00017534898639767334,9.80436600610273e-05,9.198166680426804e-05,0.00013990802148351625,6.517613641040657e-05,7.000897940831698e-05,0.00014730886328022098,0.00010783497419892586,0.00012511708725062033,0.00013849478201972696,9.841926468087411e-05,9.368670981541406e-05,0.00016229945361374157,9.280896854664744e-05,0.00016294918355701208,9.211298395274826e-05,0.0001597710974595749,0.00023765154777412724,0.00011056091661327638,0.00016903186930425525,0.00011216838482207342,0.00010456676081008354,7.728224208953829e-05,0.00021156527104201827,7.605951336874995e-05,0.0001555795257599176,9.111196362374002e-05,8.03119156963792e-05,8.356596578286392e-05,0.00011266241344392773,0.00017003214102819317,0.0001482056670553069,6.0067088697260575e-05,0.00010114997421933233,9.926452397242208e-05,0.00011836055431487087,0.0001457434635191361
14,7.495063001174352e-05,7.076960816075216e-05,8.213955562515287e-05,0.00013380459471626246,0.00011751365613207907,0.00010626861966976005,0.00013473598185939403,0.00012765761087421928,8.418584959541386e-05,8.194981002160313e-05,9.014589395707368e-05,0.00012249113879330643,0.0001309647463180871,0.00011207269505386987,0.0,0.00014370354383943425,0.00015456818802337506,0.00019775870904601727,0.0001674832922411056,0.00012786851104155692,9.45996262842983e-05,7.51880640458268e-05,0.00013063675326807186,9.982405083827463e-05,0.00013674480480174738,7.133336780853657e-05,8.023713609192523e-05,0.00021576140488741772,7.873724165551731e-05,0.0001099831931829604,0.0001220810968455164,0.00011828311082703145,0.00013088940137192474,9.613284069734802e-05,0.00013055186371060102,9.270697078989829e-05,0.0001862176359225115,0.00013647100113297573,0.00011031290146480958,0.0001187573344524333,0.00014380057060958896,7.159663728918388e-05,0.00015307400538245347,7.637832842442582e-05,0.00016078192865820275,6.777019395385379e-05,9.827343085626523e-05,0.00010422669776609514,0.00016361018948504383,0.0001402324925630015,0.00010955764377772337,0.00010400646460540953,0.00012378813981840818,7.933921981389257e-05,7.78592409513561e-05,8.943478741643514e-05,0.00015382102136684886,0.0001048510987902272,0.00013285402826362393,0.0001179904218692394
15,8.918202563917884e-05,0.00021126213191187786,0.0001847734775807982,0.00015324998831661612,0.00010704817811778418,0.00010959745293588325,0.00011441769131193897,0.00011633509156824083,0.00012888928971913617,0.00013858847750084267,6.549623136704234e-05,9.361228145900211e-05,9.15583727574464e-05,0.00013060277528890603,0.00011107216275793464,0.0,0.00014850526078021622,0.00015887247035493648,0.00010499498620102398,0.00010718703301396301,0.00011469013971084963,0.00017257813344915196,0.0001113548593972193,7.343649056152525e-05,0.00015193481184529355,0.00015450948805238209,9.600960959554747e-05,9.798075422988877e-05,0.00015490746257303418,0.00010406051021700344,0.00012047576316041254,0.00014525463770849695,0.00010223944509979859,0.00012321929376229605,9.685078906868571e-05,0.0001191666527254038,0.00014651794009399677,0.00015344208189399535,0.00012085513813285065,0.00015420723434933682,0.00012309758267485687,0.00016072191006217512,0.00010441040512448939,0.00013317225924414636,0.00011516215772592366,9.136839037053326e-05,0.00016965264375378371,9.768896349210605e-05,0.00017502330413971974,0.00012098476565664829,0.00014444931847606174,9.021589264904844e-05,0.00013524232763973963,0.00010891892489111552,0.00016991061592017104,7.9786862559772e-05,0.00010913431957792184,0.00012870999873810116,0.00014618769780724286,0.00015267590619981103
16,0.00011671642614100753,0.0001050903228829513,9.365870942694716e-05,0.00018898200531874151,0.00011221228039270999,7.539442123534798e-05,0.0001938377814836783,9.748598452701713e-05,6.109306550307309e-05,0.00010540201761418198,0.00012526494934513388,9.225098652707468e-05,0.00012507433158501138,6.428362592449482e-05,0.000128942688119619,0.00010529591510530402,0.0,9.81428363286294e-05,0.0001761791850656452,0.00018891076650024157,8.804648429675097e-05,0.0001613684479272096,6.72992877593657e-05,6.239872540409203e-05,0.0001571226832278675,7.906856650024481e-05,0.00012066630382498543,0.0001464275300646508,8.881916288130328e-05,6.996298370889046e-05,7.516903163701951e-05,0.00011061573373341361,0.0002496251301241405,0.00017062762511051009,0.00011036369350878729,9.66914755794252e-05,0.00010605867595403648,0.00012280031804783322,0.00013975129240706712,0.0001395790264093218,9.199837024661223e-05,0.000111499669279718,0.00011018626193225573,6.913613547352221e-05,6.0181849204110344e-05,7.598679788524888e-05,0.00013111686826387534,8.296070515056013e-05,0.0001226049530268912,0.00017457514577530895,7.204373392424878e-05,9.149935474740536e-05,9.64627707126312e-05,9.16637981798085e-05,0.00014201519396007974,0.0001589381295932036,0.00012548672021514196,6.59068919886152e-05,0.00014223984324426972,0.00013454046285457132
17,9.676113867044438e-05,0.00010466912297190905,7.095114937376538e-05,0.00017005971017291464,8.789513562168878e-05,9.177508244349991e-05,8.77413886846205e-05,7.107371124650143e-05,9.454090570130676e-05,0.00010696852750806801,9.207018092523849e-05,0.00010528699761172634,9.839465824345473e-05,0.00014073987606067276,0.0001583199813316894,0.00026726697482755163,9.186228901338437e-05,0.0,0.00012476673195178743,0.00021952436204792638,8.039489795878009e-05,8.2355300619868e-05,9.291035030631914e-05,7.344905242383626e-05,0.00010307602492757571,0.00015789999479418147,0.00011361333997239297,0.00010877906124724912,0.00011216893701210834,0.00017923594926998933,6.321541983416277e-05,8.526020566563492e-05,0.00010841493622214213,0.00014955769886274467,0.00014007783372467259,9.733488227099033e-05,7.154694484160338e-05,0.0001419781321741912,7.928117021387881e-05,0.00012403330612712399,6.866350105781053e-05,8.296614318497721e-05,0.00014128097402262195,0.00015508225089993182,0.00012947496269919272,7.907681225708548e-05,0.00010434862350583493,6.921125721816637e-05,9.99690073979911e-05,0.00012680298111366372,0.0001593225253635985,0.00013589347624410247,0.00010667366281433171,0.00013823861748750639,0.00011528081940482589,0.00011777769953048967,0.00024089787085310226,6.196236393197024e-05,6.645126479244741e-05,0.00010353489283339184
18,8.925054196183632e-05,0.00013961842511551347,0.0001100916459835292,0.00014895838889259985,0.00015543845081940916,0.00018173809758742154,0.00010688823979708177,8.778823232479193e-05,9.005790512314837e-05,8.961972962862946e-05,0.00014990370526602535,7.813842617167318e-05,5.619439918255299e-05,0.0001278843010290497,8.182294280058023e-05,0.00022860839443752007,9.178902655972099e-05,9.173806365033212e-05,0.0,9.349805708893458e-05,0.00020078385652808729,0.00011359882786712615,0.00019449905969658475,8.046535177845386e-05,0.00012223758402853696,0.00011869896212062718,0.00010272819845682181,0.00010162880936844508,0.00012008790536561371,7.520181719461883e-05,8.879296440036253e-05,9.784374853620573e-05,8.986990809776687e-05,8.886304341166046e-05,0.00014659396358914634,0.00014840541145619447,9.893115764855411e-05,0.00011288467834700254,7.661037147027252e-05,0.00012051430057973103,0.00011082319325482017,0.00012425861047831834,6.847973736995452e-05,8.552450443051739e-05,9.941912333175088e-05,0.00011627964181247409,0.00013033686249814468,0.0001040006354899746,0.0001321734629525459,9.47730133398929e-05,0.00012618702384614044,8.081256412871183e-05,0.00016829815248530994,0.00011293538674185343,0.00010991888073821,0.00010635284125972894,0.00018096141505315395,9.542795986655785e-05,6.335643507093991e-05,8.520143654146004e-05
19,0.00018681071840474437,0.00011642004952255495,0.00012399775548543803,0.00012894355299293295,8.98331836192886e-05,7.670827400372302e-05,0.00010836450926666493,0.00012445935339869068,9.04689351272086e-05,8.6319395728024e-05,8.036905257222515e-05,0.0001407066790354667,0.0001250408343117655,9.349010056804631e-05,7.333837743402175e-05,0.00012558607498110866,9.28250102568016e-05,0.00010641856871166408,8.732225266872969e-05,0.0,0.0001805803071190045,0.00013224492830779077,0.00010402811017470943,0.0001084166545019468,7.019793431698677e-05,0.00012048535611692979,0.00012626967392375817,0.00011478143151331194,6.258260433160099e-05,0.0001445497897961266,7.652630900596015e-05,0.00013424839405558746,0.00014274274030232434,0.00019457902186417975,0.00013492470702711624,6.381308503735919e-05,0.0001646007741106432,0.00016035968016406735,0.00011967155393425181,0.0002083141451535834,0.00012352524857097642,0.00014671753840452643,0.00015029290756775516,9.33350979865684e-05,0.00011820832803553036,8.22519771632744e-05,0.000158676201175422,8.968307110850566e-05,0.00013197456367161173,0.00016323777829207304,9.866860661297326e-05,0.00014103352088854678,9.921665006644325e-05,0.00011748977134222701,0.00011445253049376646,0.00012523999500931883,0.00020393731249417933,8.641966244024991e-05,0.00012924215095684341,0.000103067484403704
20,9.336466617572615e-05,0.00010111123483625381,0.00012558355673575498,0.00016475114759730453,8.61319341430697e-05,9.27736823775891e-05,0.0001315467399397753,0.00011644983697143208,6.569838169831587e-05,0.00012180452218616738,8.406856429651649e-05,0.00012351898781378225,0.00013827347316596548,9.602110587150993e-05,7.710705575566749e-05,6.406401589240014e-05,0.00015362650900066532,0.00010253963852793075,8.533364678588186e-05,0.00011236664592832203,0.0,0.00011315600164025647,6.207532938623952e-05,9.094492934178651e-05,9.147642121475599e-05,0.00012515766073244674,5.8991565330450786e-05,6.288639219983583e-05,0.00011901486804133877,0.00011511197896069295,0.00012765856260524308,0.00011633379236752797,0.00010819914915834499,0.00013960492028613526,9.099694390802532e-05,0.0001158935588691221,0.00011472885602011882,0.0001145332942245577,0.00012166921216433889,0.00014703748575338354,9.391974192315677e-05,8.989780139784053e-05,0.0001494949094828835,6.294499866450786e-05,0.00019409989053368218,8.35540830766081e-05,0.00018447291532421863,0.00010679980144946221,0.00011323303066864809,8.910357483769077e-05,0.00014683054049624908,6.619823917562325e-05,8.973619575578063e-05,0.00013237430782207235,0.0001527196514482809,0.00010324776937080262,6.550887090267986e-05,0.00014172270755666937,0.00011038432526476851,0.00017673236160901593
21,0.00012067319146275747,0.00010697569625872185,6.5566915248255e-05,0.00012005423221172335,0.00010784915939529846,0.00010410207124033622,0.00010555754768947237,0.00012289737783929602,0.00010909317038071272,0.00011031543926229634,9.612675713730373e-05,9.788485898089646e-05,6.535944134508965e-05,0.0001155980445629046,6.158342493813727e-05,0.0001129988241086314,8.64954274001088e-05,0.00011685875246113966,0.00015489367917035835,0.00010220946993800386,0.00010514053478231667,0.0,0.00022698555326122687,7.399081662712255e-05,6.906840937069008e-05,9.53071928076707e-05,0.00017810211814687927,0.00012056724783018919,7.287342119544588e-05,0.00021013873081477427,6.711214033905338e-05,0.00014970777136803537,9.947053905352464e-05,0.00013316338462587902,0.0001219670934217944,0.00011185416779405402,0.0001604486704577991,0.00015758738491259992,6.91160636637336e-05,7.132700569648986e-05,9.482695308535207e-05,0.00013347268029738303,0.00016136715855327347,8.927498210390371e-05,9.185773112999734e-05,6.5432931137083e-05,7.36096920290625e-05,0.00016198535252973922,0.0001882271900652959,0.00019162637927861578,0.00010531658935610849,0.00010715246723694582,8.696974794238527e-05,0.00014683450899672697,0.0001153171611763309,8.881332419068731e-05,0.00012864734792401608,7.276760845922413e-05,0.00011688523029787725,0.0001918219416370508
22,0.000123231163352073,7.540281186566944e-05,6.581202350438302e-05,8.988972855034815e-05,0.0002319103244987326,8.204965237587259e-05,0.00012334378510389212,7.072354212470645e-05,0.00010388011652286971,8.21664238981105e-05,0.00011150511541802336,0.00011369542536024726,7.532895721699802e-05,9.22085880633539e-05,8.303049721265521e-05,0.00011630355616020524,9.359323266948155e-05,0.00014935798437381548,0.00017315273939451346,0.0001302121030007776,6.219932684142066e-05,0.000197246945735773,0.0,0.00010642671493583688,0.00011114658612583371,0.00010426186984086299,4.8929297520339635e-05,9.256645395607078e-05,6.612504012700973e-05,7.581276078926957e-05,0.00010526648887213408,0.0001399389222627961,0.0001618662712607241,0.00013920728473878656,0.00010715907102880001,0.00010616536669951584,0.0001268158238850225,0.00016847881746084325,0.00010238424978672445,9.816731849826992e-05,6.909733342004763e-05,0.00019197612727835743,9.18131868037771e-05,0.00018128873793841444,0.00016772423781687032,5.9133902973977116e-05,0.00010013191754132682,0.00014556051927529993,6.901915514450961e-05,0.00015665376072464116,0.00010343618412027235,6.693975979094647e-05,0.00012322995995508673,0.00012948121567355245,0.0001553958146318475,0.00010239067085320749,0.00014783787619092784,5.714422979939425e-05,9.776342806548638e-05,0.00013835405515031984
23,0.00017663263515128129,0.00010597124214735163,0.0001302932693631979,8.365233855284626e-05,8.009791981996518e-05,0.00015452286868287445,0.00014428600528244804,0.00015826218810881663,6.469308019712335e-05,8.641329822968071e-05,0.00010052327203761477,0.00013313758327282758,5.4211354878921686e-05,7.285216955221797e-05,0.00012880070663483172,7.639079076790048e-05,9.08976581210347e-05,8.563358201506804e-05,0.00016683346217467003,0.00013865578580634394,5.430180623456855e-05,0.00010115013982942598,7.374468416580244e-05,0.0,7.935757859227525e-05,7.989280774910319e-05,9.583277212886417e-05,5.4873023335663406e-05,0.00014298396400381269,9.818005916883137e-05,0.00011989769352952509,0.0001123901093974704,0.0001476156302589518,0.0001496686861145642,0.0001317438241977596,5.6721249882963125e-05,9.734817287240381e-05,0.00010549397566312946,7.042540817664758e-05,0.00014798203754539426,0.00013729214738754774,0.0001592286787702449,0.00015570438721173167,8.524539001994283e-05,9.601947436788303e-05,8.462601345730747e-05,9.660402524655182e-05,9.089491922518042e-05,0.00011744513116149463,0.00011894734014177576,0.00013877669676976768,6.678889061278506e-05,0.00012481069157858318,0.00017475784095650508,0.0002204200901983992,8.482114381060713e-05,0.0001529020806247919,8.262242280591897e-05,6.201677499940781e-05,9.15825760083305e-05
24,9.284922949959812e-05,0.0001090102066137658,9.586895128168291e-05,8.518933629507977e-05,0.00010145970399095732,0.0001488837253569492,0.00011001296956356404,7.655271121608487e-05,9.185080540368169e-05,0.00010717139639257308,8.564232344686748e-05,5.8245990132781546e-05,8.917726662881456e-05,0.0001491510817675601,0.00011198109805997496,9.267541627846877e-05,8.525958806766931e-05,0.00010653170976100792,0.00022253219198233344,0.00010134586341222789,8.948347325130584e-05,0.00011039969877394738,0.00010153079047278357,6.971045829814384e-05,0.0,9.678366267899082e-05,0.00010825567351461605,8.021464528445888e-05,0.00010360770358263108,0.00014817765985288442,7.323691637318487e-05,0.0001371949114319281,7.410893316356164e-05,9.257437964742863e-05,0.0001409121510161665,0.00010851371372461294,0.00014828080499699404,0.0001251367197626191,0.00010130995395564717,7.94065677066315e-05,0.00011136683492344028,0.00012687298099927933,0.00010215206250373322,0.00010785313369190835,8.364257408091288e-05,0.00015084725513940875,0.00012245263651811344,0.00012061430109644166,0.00013216951864248238,7.205328251798817e-05,0.00010417491327231148,0.00010258200096431808,0.00013213354524368025,0.00013960777813311822,0.00011448635140781839,8.778602382435022e-05,0.00011780166544147019,8.875201806229819e-05,8.007092124953012e-05,8.346172777556402e-05
25,8.831582555455576e-05,6.951932185654117e-05,8.935344110944213e-05,0.00010508031479450262,6.827105003656534e-05,0.00013453760130941814,8.782537370610636e-05,9.519780671632314e-05,0.00018330392431910474,0.00012059381464923199,0.00015343135164787744,9.774993803623688e-05,7.957958406558201e-05,9.448385667916982e-05,0.00019555059879474717,0.00024201398052231887,9.378768435267911e-05,0.00014368217755559865,0.0001039989119981665,0.00022330526893620965,0.00015835128496113768,7.045217603573256e-05,6.28448127258018e-05,8.098014587352581e-05,0.00019639299915040617,0.0,0.00032000474998920245,9.643079050813134e-05,7.595671173945557e-05,0.00010666564562382133,8.689992809912832e-05,0.0001308770699224406,0.00018161886543055763,9.178550912111902e-05,6.900681123891662e-05,8.42150045193502e-05,0.00013840681557487653,0.00011860199759635361,8.426412997857519e-05,8.720075569132192e-05,0.00013177150514712423,9.605976126804633e-05,9.318772217644404e-05,7.242036713176469e-05,0.00014958146899634697,7.089009986353477e-05,7.929993943237572e-05,0.00010768212508705987,0.00010647048864942399,0.00017650618475344173,0.0001108179053366916,9.014455168233043e-05,0.00018678846398808164,0.0001128331651091945,0.00020393029302204143,6.515800554561517e-05,0.00010534770743269293,0.0001487041791390228,9.587119603576713e-05,0.00012405907845918325
26,0.0001269587674003303,0.00012803785663507544,9.147286791457581e-05,8.495170351317036e-05,0.00012852627807977566,0.00011929694192650052,5.138900259667028e-05,0.00012161235245506382,0.00014469981196220356,0.00011522195167244857,8.841854188161936e-05,8.257101250150556e-05,6.144170093714468e-05,0.00017785264601094365,5.570833935698868e-05,0.00020919030081225417,7.554091328856512e-05,7.560882666350758e-05,8.744509695348947e-05,0.00012632171271138498,7.558533688648544e-05,8.643763088866706e-05,7.358266731957505e-05,5.5670476852732126e-05,8.516095133102283e-05,0.0001831742271588154,0.0,7.251272220189532e-05,0.00013332415212763025,0.0001340997685701758,9.230045523763392e-05,0.00011462718301332135,0.00014863905892741562,7.275840022678057e-05,0.00013319686561300546,0.00010295320883333164,0.00010037721547693464,7.970054962792833e-05,0.00017122956959701084,0.00015364075723377669,0.00015838524419708268,0.0001684583364772146,0.00015568879070003796,0.00011463314924811456,9.433733859408863e-05,0.0001202203618233306,0.00010923418871864187,0.00015849598487738815,0.000130066620068108,0.0001082744312443381,6.796096294892776e-05,8.989265673447908e-05,8.372808522674294e-05,8.677948006576824e-05,0.0001720547854833797,0.0001961044071540041,0.00017915005043298466,9.818858610125563e-05,7.147991338696166e-05,0.0001112894017640959
27,0.00011317172566612894,8.884495475125511e-05,9.853996147083925e-05,0.00011735142743383414,0.0001337099146343088,6.725180228182635e-05,0.0001458951470364493,9.837131394886975e-05,8.444258407362652e-05,0.00010772140645863599,0.00012243555473915858,9.398378341607042e-05,0.00012913418189376794,8.067757288204893e-05,5.270381945185506e-05,0.00011198942505512764,9.671407898619262e-05,7.158235102229192e-05,0.0001424021461889637,0.00011729585068531694,7.891593079492539e-05,7.995524180987741e-05,8.923489861944527e-05,9.454486171568674e-05,7.735907547264085e-05,9.002936427262835e-05,6.74119633660196e-05,0.0,8.175273048579508e-05,0.00013161062983932693,7.702764946770868e-05,0.00011959248983094027,0.0001275351955016795,0.00012013867021626865,9.426680819076352e-05,6.11827847607893e-05,7.46843050949926e-05,0.0002767097257160494,0.00016773251673910433,0.00014345598897156628,9.489914585952039e-05,0.00011475118173741807,0.00016141671535375543,0.00010030504273361387,9.646311457164717e-05,5.451281406441897e-05,8.159069433660641e-05,7.126263740954783e-05,0.00016551554124446364,0.0001247599417289413,0.0001478913526521347,0.00010819440325016528,9.913333841536148e-05,0.0001543471946247442,9.605819169544083e-05,0.00011894311817998937,0.00011068702267464281,0.00011637205973257779,7.500129950532204e-05,0.00010618761386117368
28,0.00012511503266221104,0.00016462772538402748,9.672092685048787e-05,9.645751491188296e-05,0.00012391718883016667,0.00017397902047358756,0.00013975616685878823,0.00010556676154757295,8.558581557751599e-05,0.00010252712361431753,6.697041709657805e-05,0.00012219770429455895,9.060025408749232e-05,9.969160321152784e-05,0.00015108228781320431,0.00013928249295870086,6.660711082175258e-05,9.812772373843827e-05,7.584211391570572e-05,8.361839198185795e-05,0.00012723379282339884,0.0001298921482989087,0.0001830603102407931,8.045532074884596e-05,0.00011974945043705766,0.00011703069363960636,6.911106413157522e-05,0.00016969183799338147,0.0,0.0001747093076260782,7.136422978934354e-05,0.0001372189975210488,0.000130912204909312,7.517444102919942e-05,0.00023049429178657323,0.0001078719295702192,9.944428256766742e-05,8.98500470161202e-05,0.0001010166909314054,0.0001008757283028441,7.237178537449852e-05,9.154115263028215e-05,7.46463057110441e-05,9.446695675319694e-05,0.00013848525236537517,6.034249165524909e-05,0.00012810230170174825,0.00010906010117217635,7.9137146203154e-05,0.00015689966283837848,0.00013096470214355344,0.00010892023596181043,0.00014619777353700936,0.00012510622448901263,0.0001398405568638743,0.00012125790777121115,7.9601567839851e-05,5.5898805969228605e-05,8.910411770832131e-05,0.00011104233401664002
29,0.00014379577690615118,0.00015321233900884883,0.00013340433841418353,0.00016235507402483077,0.00014052577494155593,8.180345144952611e-05,9.536753726184405e-05,0.00014114875053402895,7.801952687257164e-05,0.0001264553701824037,0.0001195687113005367,0.00012522908692083845,0.00010843126866165554,8.945751333904718e-05,8.727961909127467e-05,0.0001716767907845575,0.00010711002193088697,9.471136543561132e-05,0.00012378275970198555,0.00014025408596063193,8.891317172393646e-05,0.00010113662795567704,0.00011689039465902761,5.664920151759146e-05,8.026118703930066e-05,0.00015952079899774738,8.801185713903039e-05,0.00012642012742166857,0.00020077622522237434,0.0,0.00011638965664385007,0.0001764547915836795,0.0003235748303387366,0.00018074162636465648,0.000110045045232631,9.509008346297365e-05,0.0001793494617529653,0.00019318055753357382,0.0001764678123356332,7.852821757361181e-05,0.00010822836863716673,0.0001014741484695893,0.0001045382028955479,0.00013295313173128766,0.0001243825898438055,0.00018237307738608305,0.00015284225723429334,0.00010599365112990017,0.00018265058580534463,0.0001498132918518308,0.00011193068037106409,0.00012827143217927013,9.888718620184148e-05,0.00019227794589879872,9.420662414315202e-05,6.739594427190022e-05,7.86581145110056e-05,0.000124141285714503,7.599818117000397e-05,7.285765727529333e-05
30,9.894656288731129e-05,0.00012544903671646098,0.00013022906615582622,0.00018831682970942164,0.00013452564447432352,0.00017498246218067222,0.00010399311521973289,9.632863993044748e-05,0.00011258446885586519,8.916043792188453e-05,7.85184778746333e-05,7.632437849314485e-05,0.00014025958915766084,0.00011163449843075817,6.379461578515886e-05,7.63809317222018e-05,7.015565343514888e-05,7.550371960077473e-05,8.374401597679324e-05,9.414319848734587e-05,0.00013417936239228527,6.819832334594899e-05,8.024795201798339e-05,0.00010869100219877306,0.00013669524769349198,6.934346526360217e-05,0.00014367622930528103,0.00010964662636137625,0.00016934221314972634,0.00019811481692131252,0.0,0.00014322555762137713,0.00023047275040619368,0.00014432718728120902,0.0001028595953935716,7.086023269981868e-05,0.00013882795240869036,0.00012874177794206722,0.00011333457222842266,0.0001559943695512887,8.708589351327035e-05,0.00011281541840491036,0.00017776747486725653,0.00011586277969798067,7.935364745479339e-05,7.886818941528796e-05,0.0001466977414567781,0.00010918054507278345,0.00015541987133631458,0.00012888519912775028,0.00027735988098559353,8.134520230294588e-05,0.00010434551341032053,0.00014458367697517174,0.0001543568409781847,6.579811921800264e-05,0.00016047089107872897,8.473247766794176e-05,0.00017446734437392294,9.932818495488151e-05
31,0.00014842052350182554,0.00019070863662602595,9.686399765185053e-05,0.00011272014204518974,0.0001180461010008299,0.00015878674660889537,8.525273031543577e-05,0.00021993803759527879,7.08454475018272e-05,0.00010163446352369987,9.458376441884613e-05,8.528507796248877e-05,0.00012359835258083697,0.00011891176621158324,0.00010473566654520947,0.0001886957693219829,0.00013983580503460974,0.00011177305725679379,0.00016440132355975616,0.00023461570564603667,0.00013648785023135648,6.16533899429478e-05,0.00010543284517401186,7.93596585818647e-05,9.892000204196075e-05,0.0001353716788445082,7.469280706026594e-05,6.945145459129168e-05,0.00014964055604434814,0.000168546576450516,0.00015105615713428627,0.0,0.00023166032242277664,0.0002394358339630837,0.000140712333142,8.504360684072434e-05,0.0001369828933609056,0.0001206958424923821,0.00016013056362361572,0.0001614977622202302,0.00021197496025145428,0.00018353545508210793,0.00014326492303579888,9.232031217027917e-05,0.00014147185872657986,0.00011225580768015407,8.196650578817772e-05,9.501013007123434e-05,0.00012586915009326678,0.00012170992194008478,0.00010628176275627735,0.00011766911544132032,0.0001283690451518182,0.0002658377891466777,0.00012762913545741135,5.603116678289092e-05,9.791184662812853e-05,0.00010878370593747129,9.135998193930824e-05,0.00016201202855157864
32,8.752258863240738e-05,0.00018986935924497367,6.788935762992539e-05,8.609210307640652e-05,0.00020193442824164104,0.0001080573909130096,0.00013009281316578853,0.00013847954295248958,0.0001219025243365639,8.247408741121497e-05,8.521714834997105e-05,0.00010364046579859046,0.00014739382475074969,9.935078675645674e-05,0.00013121251617225456,0.00019605266029831437,8.412249996449327e-05,0.00011755478992841907,0.00014412247484657054,7.447591736105253e-05,0.00017036130443980678,6.921803619801839e-05,0.0001058281179835529,6.885190854916782e-05,0.0001021907208832866,0.00012534114104120945,9.728455880213122e-05,0.00013858452848856487,0.00010233212960428131,8.911849546798983e-05,0.00010451405343128766,0.00010205730888998714,0.0,0.00016277012268738148,0.00027745164946005855,0.00012978356439549604,0.00014371387474838932,0.00016265579603735235,0.00012635135493836854,0.0002060723236785277,0.00010963550407943229,0.00016189136735450318,0.00010146844220048527,0.00014732711787317237,7.488015944813743e-05,6.38091122290995e-05,0.00011615375279387774,8.448098302263664e-05,0.00013175416831802395,0.00010637836837735946,0.0001021786077323488,5.929523105873374e-05,9.681035215352177e-05,8.202827628709422e-05,0.0001507983458227822,0.00011031046301653416,0.00012973609908502583,7.413191479843946e-05,9.653548806405275e-05,0.00013683277797778062
33,0.00011817267945642193,7.926588592391552e-05,9.635750467348578e-05,9.630244297200886e-05,8.559056172312743e-05,0.0001499702460067881,0.0002179082042281502,0.0001756483431587126,0.00013011370909879404,0.00014575740572456993,0.00011494888499652809,7.379047719884089e-05,0.00013511682132501447,0.00010412882135024818,0.00010215688155856705,8.961176188422298e-05,9.274660114320971e-05,0.00016227603396504827,0.0001450812747598137,0.00010031329847808041,0.0001197718221607928,7.004671904407074e-05,6.629010175731312e-05,6.73308385710344e-05,8.520421472378673e-05,0.00013653388847799817,0.00012295333732583176,0.00010515644022667696,6.614664388538991e-05,0.0001506549905211557,6.618554947346412e-05,0.00015663308820581883,0.00020909494337425876,0.0,0.00018345573500982355,0.00012803706379595347,0.00021138301807462247,0.00011161887396347059,9.397650522910459e-05,0.0001286174137496103,0.00015389935071641943,0.00011352045807556099,0.00014141272241132685,0.00011299994779354609,0.00013331982980324577,7.60918819259471e-05,7.999818926194753e-05,0.00010340790539107278,0.00020124375094020006,0.00010616650885306488,0.00014271770531885573,7.118923010306177e-05,0.00011467958475458806,0.0001533359896264847,7.657498352421459e-05,8.077185672063312e-05,9.494431052316559e-05,7.64968710764673e-05,6.166767623556664e-05,0.00012110247982613528
34,9.970186640478282e-05,0.00010990493673193765,0.0001563701910231506,9.789084420467181e-05,0.00012276729246420414,8.765916416510163e-05,0.00014992264362685687,0.00011887313160268196,0.0001287087376740907,6.722409306150271e-05,6.777364214505636e-05,0.00011638862602254469,0.00012170542305879844,0.00011231036344612301,0.00010736453553321666,0.0001162108306581494,0.00011804381399595725,8.797436619888228e-05,0.00011724467336039933,6.743570386479428e-05,0.00010904950396895014,8.457916318706281e-05,0.000126766700518356,5.033805800446483e-05,0.00014950419410708174,7.330010207914225e-05,9.234300324606529e-05,0.0001275337714876246,8.892952479767114e-05,0.0001289177989726993,0.00011886323048690699,0.00016660255921739916,0.0002118499532076603,0.0002058784944652303,0.0,0.00011124374936662956,0.00010971828349766039,0.00015183172146421753,0.0001389977759681233,0.0001750098060787018,8.795964722785316e-05,9.457018007150373e-05,9.194145705627925e-05,0.0001857609846544751,0.00012578737329883697,9.948651906338605e-05,0.00013218713318444714,8.156990517162683e-05,0.00010195586153897297,8.743659482175826e-05,0.00012146968624191036,0.00017971406776859212,0.00010417251077522167,0.00021526149294666844,0.00018226843798411764,9.692812653475249e-05,0.00014897204913024011,7.227778067065292e-05,9.367611408694165e-05,0.00016486671664535266
35,9.683292412400896e-05,9.9856272998294e-05,9.781676384115942e-05,9.12375553902046e-05,0.00023731325935269777,8.260353975633717e-05,0.00012891528443276858,0.0001279026813766467,6.495054123445639e-05,0.00013187163218489055,6.0774241108764516e-05,0.00011880800113361771,0.00017471188498469387,7.214451936758298e-05,6.53675737290676e-05,0.00018065320444355808,7.70970283899435e-05,0.00013788624329821698,9.54284626072311e-05,0.00013648104977398757,0.00013987083082718743,0.00010332237878658402,0.00016209343248674995,8.806091564589847e-05,7.944397179215867e-05,6.283055167398282e-05,5.845073875620069e-05,7.740294447965768e-05,0.00013887740393521398,9.119904433620355e-05,8.791428643406852e-05,0.00010691941268651019,0.00015606783732902013,0.00022371488619800126,0.00010733036099053165,0.0,0.0001671777332407012,0.0002066004500634415,0.00019041167115411585,0.0001780135018405043,0.00014173613088536483,9.117577936487292e-05,0.00013118441709665795,0.00012236190544873167,8.287213415278446e-05,0.00011504001974186863,0.0001233033481670952,0.00015376342756748287,0.0001622747819301702,0.0001631437206362908,0.0001723368618081005,7.298505316811583e-05,0.0001566778457714161,6.12586078231677e-05,8.926614278746743e-05,7.467259312080898e-05,6.936030394584276e-05,6.910282480730585e-05,5.9462085222611724e-05,0.00012406015465536938
36,0.00015636312276165798,0.000133026940282799,0.00018554791216300915,0.0001609326294640456,7.58861859417991e-05,9.15756429598773e-05,0.00012085845866317625,0.00010046861430082615,8.937730116070596e-05,0.00013358957143773248,0.00012707632734749774,0.00013913950961822307,0.00016479500785348853,0.00015680937868393346,0.00010104085518697566,7.631486556001516e-05,7.797465088341768e-05,0.00012891343654860052,0.00014593165667707534,7.157155076135717e-05,0.00020384582361890222,9.653925734173542e-05,0.0001319326927481801,8.85728597749156e-05,6.827125949605986e-05,7.475175013457074e-05,0.00013917811140726826,0.0002775955396971736,0.00012372087025474383,9.450533769138156e-05,0.00012133432622873793,7.907402748499969e-05,9.256571670944089e-05,0.00011124147504994765,8.534333495440059e-05,0.00012076844802661543,0.0,0.00012477203825311727,0.00011383790111832231,0.00013614005447338433,6.590218342804506e-05,0.00016818800044460436,0.0001370659289662512,0.00010966225149057388,0.00010555819962652317,0.000165513953075224,0.00011515959881312939,9.326619461005231e-05,0.00012480717187159242,0.00014281515923129568,8.816806929093463e-05,0.00011612169728670465,9.046976689733393e-05,0.00019537572600670828,9.200296187028998e-05,6.908993770886259e-05,0.00010083156315327682,8.495432717597761e-05,0.00010748029826907178,0.00014646807017662376
37,0.00017618509172262882,0.0002273821615446609,0.00012611479587619666,0.00013382472029270178,0.00013160424551332582,0.00014754572413967356,0.00012035137920319433,0.00010307000059512306,9.774967309089879e-05,0.00012221435375304483,0.00018251568637114908,0.00011145008300158203,0.00012727740776217585,0.00030812851628015384,7.128300029864533e-05,0.00013532420698251894,8.814010384771773e-05,8.891806201311807e-05,0.00012599324056854116,8.351793414254178e-05,0.00017563755150063406,0.00010468173324167141,0.0001104379974374009,0.00012334837412940436,9.006275891322162e-05,0.00012197353741172406,0.00015069384468438082,0.00010085912216574176,0.00014234742345940374,0.00018359381047143222,0.00012662965760336373,0.00010912044877487399,0.0001429385585274771,0.00013073074556853314,0.00014824185883817635,0.00022141214646899954,7.259702690478386e-05,0.0,0.00014169408066184357,0.00012825536943443034,0.00016130444277534517,0.00014912772463489501,0.00014335296013618317,0.00012431481095654277,0.00011146028247401508,0.00010653773995713621,0.00015795648139626842,0.00019280700589261176,0.00018931267249505196,9.226043000546833e-05,0.00015715326572811892,0.0001490357349652042,0.00017326897778181734,9.963470213638483e-05,0.00017267376151051906,0.00011889967837586286,0.0001281281377397682,0.000111382665372749,8.672602971512078e-05,8.84985542183138e-05
38,0.00012014207892542345,0.00016572289389124473,9.951458281496579e-05,0.00010737511868217798,6.658209850449225e-05,6.361868167978354e-05,8.781032802000527e-05,8.334616085260866e-05,0.00010084647611721085,8.149025375195179e-05,8.186807113362497e-05,6.726358823860662e-05,9.083235625958028e-05,0.00023403406309319122,6.484565536889864e-05,0.0002373835980141174,0.00015768186888257205,0.00014674576126843104,0.00011226640561371758,0.00017356873408037087,8.297125079797798e-05,9.46081150025877e-05,6.644741427564368e-05,8.20776679028723e-05,9.027657412928257e-05,9.441545208600631e-05,6.337943394431581e-05,0.00011088557549667372,0.00014802501558211837,0.00017958105198480112,0.00012069640668534303,0.00012118142120889432,0.00010723271679025681,0.00017194112593331187,0.00012219324545203789,0.00013723648001388796,0.0001199842760716244,0.00016039546033684915,0.0,0.0001264977216061869,0.00018966358180340766,0.0001519214207389587,0.0001383378861889434,9.357149656216543e-05,0.00015735492947650784,0.0001678196002788107,0.00013059154704508753,0.00011632755047792453,0.00017424900283035798,9.337257927673852e-05,0.00014054414921366276,8.745969496059559e-05,0.00018762994221077967,0.0001099949761227023,0.00015000303643525573,9.545433424240511e-05,0.00010688354643697514,0.00011240631489143317,0.00011779482875006871,0.00015025343582568485
39,7.760324361395023e-05,9.599561762029303e-05,0.0001042016377052352,9.53801027279787e-05,0.00013761914213351263,0.00010779980981439381,0.00011907934026501305,8.995418735947929e-05,0.00012635525807115034,7.368717462411347e-05,0.00012777807103947202,6.442609633580508e-05,0.00011148751675383761,0.00011517765508192146,0.0001019543959486485,0.00010940134569540772,7.05834232007993e-05,0.0001829579967039879,0.00013475615737212296,7.779243129360931e-05,0.0001394077968811996,7.14504021316011e-05,0.00011981739240906636,9.035693943739861e-05,0.0001287360698016967,7.617853466268864e-05,0.00010248607521172143,0.00012781582316749698,0.00013091908712973226,5.775833729114086e-05,0.00013003132288342788,7.410813664988408e-05,0.00017179755350886416,8.128670405450013e-05,8.32707368229718e-05,7.516987959652834e-05,0.00013503674680411556,0.00011398991045244791,0.00011450601829241003,0.0,0.00022044437082223225,0.00011754649672175958,0.000136015382352366,0.0001249524859764136,0.00012013521256716255,0.0001101231828044028,8.880360637106451e-05,0.00013135987820370285,0.000171672927839712,0.00016315307387083548,7.91215371465224e-05,9.964370912584858e-05,7.589199850503902e-05,0.00016280518081309854,0.00018062120130313242,8.826791880162243e-05,0.00011924111199616598,9.76628700438505e-05,6.0124883448555206e-05,0.00014610127142118505
40,0.00015087867757385628,0.000160021045398439,0.00011187862276672971,0.0001255971978329955,0.00021836233100631312,0.0001441687425455366,9.369269629036023e-05,0.0001151044076386537,0.00017384011826422895,0.00011111829172446536,8.709995916749925e-05,0.00010072429477798409,0.00010481839543412736,8.371180452747578e-05,7.5762705364464e-05,0.00010384907574643744,0.00013470276705399023,0.0001779875157288302,0.0001130860338910122,0.00012696296902017952,0.00011035091653214037,9.199203185378324e-05,7.496072366373634e-05,7.378672707003138e-05,7.128108404231479e-05,0.00012832161784391007,0.00010222077760307531,7.118963041697407e-05,0.00017981238635237775,0.00015306717432527682,0.0001584705030029119,7.668827346904755e-05,0.00019103363168166069,0.00019805989792202666,0.00011474851252265689,7.017400086813976e-05,0.00013070155557261325,0.00016802229689616804,0.0001296454211299613,0.00015954266094255493,0.0,8.826319760640966e-05,0.000150080344107851,0.00017606855680900232,0.00011420021620473356,8.94851776377134e-05,0.0001413975958334031,0.00014193154822404153,8.325035363798175e-05,0.00011710469854403861,0.00010145995487486801,9.289604800095003e-05,0.000136167588069236,0.00010771335126314089,8.901077762469134e-05,6.593578004881044e-05,8.094494864723266e-05,7.522166773065342e-05,8.930782273481837e-05,6.442829594010871e-05
41,8.645671160389399e-05,7.714757108444686e-05,0.00014475570971249203,0.0001852754507385706,0.00016675998078765383,0.00012106050361095109,0.00017249862520066122,0.00023139665892827092,0.00011134549387891843,0.00013454391007208748,0.0001297216573486876,7.897216321254407e-05,0.00016155142974051359,0.00014299494224556962,0.00011162533339017337,0.0001705890465325713,0.00013221987244263587,0.0001411962186362613,0.00012684397901093503,0.00011927888406247677,7.046544447809896e-05,6.712151497330983e-05,0.00012936724470166052,6.728748392421713e-05,0.00011438853687381104,0.0001490181767471064,0.00014112141313833926,8.622359600239345e-05,0.00016795878932300803,0.00011779254319475579,8.755054266734052e-05,0.00012854900492139835,0.00016805803250208537,0.00014879727086455642,7.87060550996101e-05,0.00010953855986217159,0.00016522966006306283,0.000140526631965817,0.00012308137608649285,0.00012055203294665584,0.00019737815577452715,0.0,0.00019592201624676837,0.0001139626519624354,0.00023018868828236238,0.00012011788557428735,0.00011772000482947697,0.00010644084477296959,0.0001584700380798072,0.00010857875503869055,8.68447137480537e-05,0.00012064889996140591,0.00010058769829997205,9.65214303461523e-05,0.00011546268161611219,0.00014794197697116606,0.00012188574279667531,8.476642581348829e-05,0.00010483613472455115,0.00016158882321124746
42,0.000187189734267792,9.659888481143477e-05,0.00015446727019844102,0.00015929125923127958,0.00010981582225571541,0.00016067232541013048,0.00015801529348735363,0.00011846912918339569,0.0001090386850763502,8.044573820483655e-05,8.48974105516735e-05,9.10591241675601e-05,9.385082936292514e-05,0.00016474652658269543,0.00013019741464976773,8.876147845286619e-05,0.00013662640158712143,0.00013302886598963047,0.0001765833773225115,0.00011036377230178651,0.00012293583819379488,8.677241127746673e-05,5.989613396860702e-05,7.378208375851558e-05,9.025231048724044e-05,0.000138173997042418,0.00010717924966948447,0.0001503629653894979,0.00013397862335917272,8.784447682265923e-05,7.940675853095757e-05,8.915721291580092e-05,9.032059365157137e-05,0.00024399879169081164,0.00017881017609729512,0.00016171133336593974,0.00010747040232431511,0.00010119797522673166,0.00013267027556721544,0.0002567632018235611,0.00020445789114713106,0.00020555812670302952,0.0,0.00019538399401525743,9.677965312222442e-05,0.0001166553771582204,0.0001176477409418337,0.00010127563227588633,0.00011397354691959513,0.00010070542168818939,0.0001250484285725897,6.941492747720056e-05,0.00013104438489093767,0.00012690303458694265,9.191970971287613e-05,0.00011920462636625669,0.00011479015859125718,7.743686343470573e-05,0.00010373216555018805,0.00011394551533376113
43,9.637569085353583e-05,7.797965527561505e-05,9.031584097087722e-05,0.0002149315214505084,0.00014168570792802418,0.00011856483439540537,0.00012401384945662876,0.00012641636513453114,6.806900531571056e-05,0.00013175728100809923,6.19713987065658e-05,0.00012499797723572163,5.5432321288285656e-05,7.043854217242087e-05,6.823792509746119e-05,0.0001141925514128678,6.998068240488285e-05,0.0001448422717232252,0.00012672958398293006,7.037563684870055e-05,0.00013839070718569098,9.093845371714239e-05,0.0001245560500505338,5.285362227912631e-05,0.00012262497874381546,8.84592677282162e-05,9.281656486032605e-05,0.00015795747242645223,8.2299360991437e-05,0.00012753125701449544,7.117396665247271e-05,0.00012725035623739083,0.00013140754864244427,0.00011880343095790606,9.104835618710877e-05,0.00018003122359721232,0.00012642469539122576,0.00013763607351754078,9.408759404150348e-05,0.0001155307080516397,0.000267100498303485,0.00012666596820590443,0.0001368656653191567,0.0,6.450827517080326e-05,9.099835017403464e-05,0.0002202334381398084,0.00013965101751629527,9.356909809871405e-05,0.00014320151111413452,0.0002032424503218184,0.00011032354383633494,7.143891431167668e-05,0.00013380153421854935,0.00012882776232026277,9.78630330759044e-05,0.00025405759965889586,9.861759775729101e-05,0.00013649654144188547,0.00010152908587885783
44,0.00010169229347312097,0.00011533264868306963,0.00014650334136500566,0.00010647564455087375,0.00016936852518173364,0.00010634398526117962,0.00011212429456837668,0.00010018796425097421,0.00011219413061819222,0.0001395719930817847,6.303106734745847e-05,6.944166096887577e-05,0.00012214057242968391,0.00010001993722066146,8.382602052352722e-05,9.501716986939213e-05,9.10495530837771e-05,0.00012898764242715244,0.00010810079272658369,0.00010076105398447777,7.875858643376836e-05,6.396726953444124e-05,8.502733246568912e-05,5.595210959103427e-05,0.0001462717440885837,0.00015788204723298258,8.64818370149863e-05,0.00015602414507258906,7.067470167760978e-05,0.00011945452988996243,0.00010928912066782678,0.00012779351665157776,0.00016200716995804035,7.694060944198552e-05,0.00020505815319975934,0.0001371783482167707,7.105760585635583e-05,0.0001052036915977394,9.703011442731196e-05,0.00012829833592920754,0.00011374645846572467,0.00014691550176022225,0.00011215561083534586,0.00015055393698693665,0.0,0.00013020736287711144,7.796886190717757e-05,0.0001334147208215787,0.0001525633555542186,0.00010892522088861131,7.167612172844495e-05,6.115615575115374e-05,7.454635604039901e-05,7.145713292776607e-05,9.425160912653513e-05,0.00011813779993405653,0.00013986596601734468,6.530185397164793e-05,0.00011282447507945608,9.695162481051865e-05
45,0.000105714825711003,0.00010932504132015779,9.919537202102926e-05,9.48534120173656e-05,9.052326178535216e-05,0.00012461826251402428,0.00015666903329657311,0.00013874285805966753,6.286267291356761e-05,9.18537426603268e-05,7.002854343798317e-05,0.00013300892459043885,0.00010177614679387168,0.00012040058581788227,7.026729316507015e-05,0.00016578508651661516,6.841979666557518e-05,0.00013121164976809924,0.00012301167244039554,0.00011894156927364816,8.83438076962019e-05,7.867675297147342e-05,7.012524144832472e-05,0.00013863478730326016,0.000166851820138399,7.481701808330724e-05,9.726824201052417e-05,0.00013223254734752318,0.00015960074397842287,0.00012353188142590703,0.00010885819132902919,7.127894601680746e-05,0.00011748775927351934,0.0001933982818721667,0.00010360363407455944,5.856630169917025e-05,0.00018703183421858933,0.0001269094182429311,7.979086781602097e-05,8.16642264585622e-05,0.00010321790089123192,0.00023097199768357032,9.761035618895571e-05,9.773654133873338e-05,8.526208139847769e-05,0.0,0.0001325591975903428,0.00012798343709867157,0.0001524377807548658,0.00012451703787180144,7.186018189916669e-05,8.29455895631222e-05,0.00010619490698676459,0.0001392238985503379,0.00013791786380969897,0.00010764824460978198,8.999042055998641e-05,9.112317708106635e-05,0.0001524824328454062,0.0002271600803474989
46,0.00013956282373861852,0.00013869784625819635,6.514933261800177e-05,0.00018298018230658835,0.0001283491215571788,0.00020929089990914647,0.000144921374559405,0.00010255155174768338,9.225520453659098e-05,7.83664743324699e-05,9.333769162464939e-05,8.892028963717997e-05,6.832978802710908e-05,0.00011053696639925736,6.69158858892088e-05,0.00011231593974666464,0.00011556529895359781,7.631092999350033e-05,0.00015412841484048497,8.82371178827196e-05,0.00014373006058169497,8.21433883805947e-05,0.00011356319664718257,0.00016702384636955124,0.0001063032663381435,0.00013248875179284848,0.00010035622625758133,0.00016876536145041623,8.763472539046388e-05,8.311911053990792e-05,0.00011730399937830304,0.00011271381531764238,8.853497262083159e-05,0.00011622666548438912,0.0001701366242474218,0.0001679532645487816,9.613787871415303e-05,0.0001414056615767895,0.00014493458215890753,0.00011165756139569593,0.00020114093788671752,0.00016015022735806257,0.00017370989602670485,0.0002946302288149235,0.00011056960358176347,0.00014254454258339971,0.0,0.00014168520490968675,0.00015069906745496166,0.00020573111103670152,7.72098207151247e-05,8.369411519698733e-05,0.0001326162392517381,0.0001253813388650402,0.00015010875527450963,0.00017335331724660646,0.00018249144512716938,9.048227218953241e-05,6.49347391698227e-05,0.00014388591829571977
47,0.0001005719836826499,0.00014349340739254308,0.0001481430626100089,0.0001206627851289537,0.0001345604542981424,0.00011413991793762808,0.00019630999609386777,0.00013155215400550025,0.0001184189609182891,0.00010464868751220726,0.00014057495938058387,8.76119067669662e-05,8.177888732851464e-05,6.968995355466674e-05,5.454728061227163e-05,0.0001648813840699143,0.00012092698246250024,0.00011400970715923884,0.00011177474529732656,0.0001805680300858156,6.775957404022026e-05,8.316242495064367e-05,7.350208566155665e-05,0.00011508111662618617,0.00010813712979636558,0.00015180772486951018,6.592094559391654e-05,6.529860829167377e-05,8.068186498185582e-05,8.271121585649234e-05,0.0001156988620809531,8.279563128068053e-05,0.0001315338500371182,7.66869949009343e-05,7.511800186808729e-05,0.0001081412552592707,7.317494158295409e-05,0.00010976643267606835,0.0001090047898126915,0.00014732798373367728,0.00012022479761594781,0.00014029338649774708,0.00013254273898765322,8.679060100286786e-05,0.00012992740135709362,0.0001560868021952859,0.0001002574186623426,0.0,0.00018268276635007762,8.118224533207933e-05,8.171304942862915e-05,6.520614819162316e-05,0.00013613181365848526,0.00010718788515952386,0.000172117156055556,7.594105867179752e-05,0.00017599913740011552,7.256255240660853e-05,6.0278549403199057e-05,0.00017086644503796442
48,0.00012950137565143495,0.0001536830773406715,0.00017972176066779493,0.0001512736452921708,9.966299325740842e-05,0.00012611864360221174,0.00013457725151787866,0.00016800441113603223,0.00013845250403453295,9.269477530811766e-05,9.206280086868287e-05,0.00010080249665506111,7.876486023029145e-05,0.00012133653216815474,0.00012391313104841763,0.00011568170770985986,6.604999308538108e-05,7.88278047076372e-05,9.624700463894235e-05,6.040494619927439e-05,7.565375508419356e-05,7.442767207162945e-05,8.36112360090431e-05,8.327799524576817e-05,0.00012459255168508398,0.00014493852448479332,7.872272553148154e-05,8.706949746720028e-05,0.00023149494125306562,0.00010139722811366929,0.00011787125115274718,0.00016188699640144866,0.00018106845848502417,0.00018819649725441802,0.00016144537699333257,0.00010214800168122022,0.0001186429893799376,0.00014188002116839182,9.576946330813979e-05,0.00013933200183660944,0.000167822537874426,0.00010701558444666716,0.0001145887625164439,9.71974425981878e-05,8.934857025428883e-05,0.00011452518716317208,0.00010401092034922304,0.00012949696058101967,0.0,0.00014302223460820908,8.049402504430507e-05,7.932870305469006e-05,9.200421384616585e-05,0.0001565146795788545,0.0001305717189037049,0.00010287338477975912,0.00011621443969752394,8.138234320251774e-05,0.00011359986638452727,0.00012474625585106547
49,0.00013513216134886273,0.00011608490995077883,0.00017490945613618498,0.00017555092719389692,0.0001353457027376292,0.00010139228186593023,0.00019994341992637257,0.00013554039990419615,8.382483210201529e-05,8.495029148368873e-05,8.706162837355711e-05,7.656673091731724e-05,8.419236216127845e-05,0.0001445866462398977,0.0001500925838783269,0.00014887463922772643,0.00014950364909120266,0.0001602996864031182,0.00016282816585184892,0.00012685244181460115,0.00018068991183388207,6.598956614549052e-05,0.00015097505629461453,9.01431105190899e-05,0.00011987391915122171,0.00013019149630194503,0.00011045179612014223,0.00011558393867960873,0.0001381354840491032,0.00010977504596264859,0.0001353985305288401,0.00017209064851556527,7.547099775975927e-05,0.00018142514383162118,0.00010304133621527004,8.627798882398149e-05,0.00015797051474568236,0.0001308096662169805,0.0001331074555086807,7.552691120035953e-05,0.00010388723811434836,0.00017424540704906867,8.189038606684432e-05,6.747908960435343e-05,0.0001692045650091029,9.636089549403565e-05,0.00012776906179005944,0.00011257143647432241,8.630491256485011e-05,0.0,8.903031498453965e-05,0.00011906446036271939,9.578075154219377e-05,0.00012642384949059635,0.0001787064414246776,0.00013584315929754504,7.112426945426727e-05,0.00017520414269380234,7.548032038105411e-05,0.0001263591634615048
50,0.0001279238252529102,0.00011903217300297499,8.914397446137593e-05,0.0001552074790141217,0.00011302490462016236,0.00010810997595183762,9.503683685550105e-05,0.00017035794839424,0.00011234783694209786,7.314747362934795e-05,0.0001262536398075674,0.00012863862423195843,8.895151623139041e-05,0.0001894807398395052,0.00011519058942611061,0.0002457451337884614,7.606223758671764e-05,9.981639450712337e-05,0.0001092649304067368,0.00010510152405330015,9.819308901689176e-05,6.712297233507109e-05,0.00011183089868958077,6.322804486342237e-05,8.576787123161685e-05,9.655701344744863e-05,0.00014797719884616039,0.00016115714113070116,0.00013366362714065618,0.00012077062040020306,9.821022373329332e-05,0.00010634471713975006,0.00012012967184091965,0.00011776657900700083,8.217908351025611e-05,9.439288000475755e-05,0.00015693450729274314,0.0001280168067733799,0.00015263930569506845,0.00017998413788236178,0.00016189018480101464,9.023820196667828e-05,0.00013833573608435003,0.00011525697616449156,0.00016204721851248243,6.491548224863933e-05,0.00012465757190613605,0.00012256090297437444,9.504901973314816e-05,8.468487656849771e-05,0.0,0.00010440244448794452,9.207825894436872e-05,0.00012478846021858725,7.40695039414352e-05,0.00014448073147225725,0.00010575233229560345,7.56480176409558e-05,0.0001235188316874674,0.0001375257519465621
51,0.00012839011303117137,9.919873985448195e-05,0.00010476061998322979,9.333757742411937e-05,9.410072515968028e-05,0.00017945518878546493,0.00010040910331191894,7.267610173168912e-05,0.00012459330242847925,0.0001428127180705372,9.346467332349036e-05,0.0001484364124125665,9.760463424224794e-05,8.674626036351295e-05,0.00014266150695012232,0.00010002903175139901,9.513651446877686e-05,0.00016487301575748698,7.729840528112609e-05,8.845270936134295e-05,8.959769214937025e-05,7.264785282075993e-05,0.00010589828521239519,8.230813316659351e-05,7.041747942597247e-05,0.00015616395536807826,0.0001070457929495898,6.877979406764082e-05,7.281007375009566e-05,0.00013566092606578884,0.00015745134521684387,0.00018206685646423123,9.824130616704155e-05,7.200643282987661e-05,6.44789368146325e-05,7.005721147272002e-05,0.00011803388068259003,7.591517857810034e-05,0.0001114000066186754,0.0002686755993062678,0.00012029236687081502,6.937798399958845e-05,8.396401195759821e-05,9.772407689898034e-05,0.0001087711990866733,8.6792918148937e-05,0.00012036669153505786,0.00014791870864355527,0.0002642241142161993,0.00010323395498451012,0.00019311635176059676,0.0,0.00021293258368964316,0.00026962453594662616,0.00021481731620456458,9.220021865069925e-05,0.0002143845103994805,0.0001022428264583784,7.401175155698466e-05,9.618004840009718e-05
52,0.00015888130233677404,0.0001620826271745302,0.00016415598078867112,0.00010046079375751268,0.0001095916322896993,0.00011274962326424684,0.00018413938213886473,0.00011327686218940585,0.0001574147344654207,0.00011462053811566358,0.0001200181147453529,8.510390253833824e-05,8.326990153721331e-05,9.346242674542507e-05,9.573653995408866e-05,0.00011049312123937729,8.856732621051712e-05,6.658830033568162e-05,7.734778314130135e-05,0.00012143537973848806,0.00012903256845055177,8.789160552225924e-05,0.00011247523091490213,9.921011185520227e-05,9.661305169705865e-05,0.00010548406107688734,0.00013542920375077234,0.00014374570224913954,9.889751016716548e-05,0.0001574625816696185,0.0001649361115387233,9.220766206405853e-05,0.00016149646233090505,0.00013998523574811251,0.000196186979651969,0.00010543518615685322,0.00018197270144570076,0.00011276224451985083,8.36309512107856e-05,0.00012068904393530842,0.0001115316942575618,0.00015087848257060957,0.00018398494247544062,8.536342405513168e-05,7.410468737829378e-05,0.00010028301482009697,8.17636825792191e-05,0.00022168052163536728,0.0001801729133710406,0.0001248927701389365,0.00013430008917820395,0.00014149240068792946,0.0,0.0002926374700733962,0.00022511251824514604,0.00013215395020882103,0.00015716902744070167,7.583810505147063e-05,7.424719278868124e-05,0.0001995723487476438
53,0.00010601320565232488,0.00016669061704851086,7.126525762013372e-05,0.00015224600176095193,0.00014255199193620585,0.00014794891439384665,0.00011570812963645478,8.705775822233717e-05,0.0001008864136986583,7.06407899923876e-05,9.80067892865314e-05,0.00010218772099721215,8.194572190509156e-05,0.0001078756315655797,7.42213553884023e-05,0.0001508535190683255,0.00010928659206805497,8.165414803032156e-05,0.00011620613090940676,6.450481819848317e-05,7.233777797470456e-05,0.0001431219429260465,0.00011268142107822483,0.00012189302422496037,0.000159521754843212,0.00013686231337633065,0.00014333260589810751,0.00010913841411532151,0.00014971041381729133,0.00012580956305572745,8.229328129865683e-05,0.00013880369370628058,9.633852389429192e-05,0.00022492864869080566,8.975460513604085e-05,0.00013669378393658016,0.0001465388469708297,0.00014368551177765357,0.0001276159727604401,8.364818902517606e-05,0.00011367007129526424,0.00010016262927396373,0.00010006181046136889,0.00022711637106866784,8.284696609440651e-05,9.061625366166006e-05,0.00012093697683654467,9.718556954766569e-05,0.0001290694258012382,0.00015710620343470055,0.0001305175018183206,0.00018742400203512971,0.0001470646862812881,0.0,0.00013487159597738645,0.00014195684344857397,0.00015231104280472672,9.896658727080173e-05,0.00010485304286945287,0.0001987687012585023
54,0.0001511021878157115,0.0001302990481997977,0.00014257188782429008,0.00010357985442210744,0.0001589473809699654,0.0001476085324213723,7.24171707187554e-05,0.0001422056736198958,0.00010156172147075956,0.00012066150396887904,0.00019970657363263723,0.0001273978159052406,0.00011295856206355332,0.00015658816455241899,0.00010449431632108503,0.00016728351784185415,0.00014185765466147044,9.308248904394381e-05,8.987889559821322e-05,0.0001272692600310226,0.00014442937432723626,8.304013992906498e-05,0.0001469504960434757,0.0001424424485196763,0.00014079425966944038,0.00011072108869279546,7.879121160592171e-05,7.669828309449207e-05,0.00013995214791767604,0.00011732147156446187,8.849989863271922e-05,0.00011606527990579625,0.00014976623547301548,0.00011873473483078635,0.00011719752373093112,9.944100559677551e-05,0.00013814107295818584,0.00016555715484891672,9.230105292029095e-05,0.00016800491253389824,0.00010896401542510398,0.00016483837793404958,0.0001265526081597714,0.0001295623213074132,0.00012407863000943233,0.00012896152189051252,0.00011123791479098151,8.312692090979371e-05,0.00010299613976727047,0.0002468398788929447,9.881774514602493e-05,0.0001089968091232055,0.00016523435135188026,0.0001351492807698991,0.0,0.00012125436423872257,0.00015896254751847098,0.00010747452607305023,7.467857817369224e-05,8.034209114803889e-05
55,7.621336571861931e-05,0.00014931829512228523,0.00012187377799366063,0.00019378753397992148,0.0001361205158412599,9.017784181315475e-05,0.0001276858690843037,0.00013321034233131326,0.00010925154221040811,0.00011585154089730642,6.178200892402741e-05,6.508873613447878e-05,0.00010630571606827432,0.00011415976316497497,9.65092976638055e-05,0.00011844399889933291,5.7498180754344676e-05,0.00010125045209409874,0.00011263126499695648,0.00010094710117116692,0.00010253014524179076,6.566781031849636e-05,0.0001121318658512309,0.00012480515789905122,7.440381767363183e-05,0.0001400710410719358,6.086020710066714e-05,0.0001157062366627534,0.0001532244223574571,7.52075911840435e-05,9.909614474879379e-05,0.00012630144464211699,0.00011083508925660316,0.0001338520428152968,0.00012322614046141487,8.069567745071383e-05,0.00013723804092716872,0.00012642076277513898,9.739860881825382e-05,7.54187884232618e-05,7.35343399195833e-05,9.958214337457584e-05,0.00010794407666208618,0.00013151776710265534,9.321273992387098e-05,0.00011825703852027046,9.371639631606228e-05,0.00013821178898280027,0.00012432890559386795,0.0001151014002761135,0.000167331609593409,4.905977690221583e-05,0.0002255845846533465,0.0001559355439789144,0.00015536333290538227,0.0,0.00011597751223460246,0.00011555397561004571,0.0001432122575191636,0.0002577972027325112
56,0.00013979922318815136,0.00016291019127674403,0.00019475764995762967,6.648755256378165e-05,0.00017965303498259112,7.353767518027807e-05,0.00013725255015633117,0.0001640455508552686,0.00012000110740414593,9.81832701306633e-05,0.00012431252277402002,0.00019168006825953556,0.00010369086522148924,0.00012193109909966407,0.0001155244883555632,0.00020654712681909254,0.00013466147997695513,0.0001504889008110429,0.00014957810539162515,0.0001352488807898907,0.00012728174200939805,8.451035082283335e-05,9.45792653770852e-05,7.726346211004284e-05,0.00011856900039526612,9.294022846611399e-05,0.00010514937910226577,0.00013155789730844765,0.00012555124320552815,0.00011838624766645163,0.00012204480918369699,7.193616120731343e-05,0.0001446584888334971,9.519058439436836e-05,0.00011722297289123107,7.282304282873664e-05,0.00017091539846688533,0.0001530901966751862,8.459223801275683e-05,6.753198328273364e-05,0.00014252533675856264,9.198223311783735e-05,0.00010755649274567808,0.00017183965775392386,0.00010080461528315611,0.00011438685945381954,0.00013241064400970327,8.292371217632454e-05,0.00014643726947846734,0.00015363699728733018,0.0001782625326530679,7.29896373059579e-05,0.00011413890493890664,0.00019272614648450904,0.00013977507143994057,0.00013480921120114748,0.0,8.752976301059345e-05,0.00013349039487894315,0.00010422451571905181
57,7.88645423450082e-05,0.00013024257126137369,0.0001513196705558423,7.781717531704002e-05,8.803220664487101e-05,0.00010743063690924124,0.00013240474966570384,7.766739840879207e-05,0.00010075031150657287,0.00011660990227113093,6.534135950595368e-05,8.332161819476755e-05,0.00012795921529648393,9.222467782452866e-05,0.00012539075491256084,0.0001174411221937858,0.00012385393159579944,0.0001335571315950269,0.0001524561875118508,0.00014767797876727177,9.97393069799459e-05,7.170429953178568e-05,0.00016249945286814536,0.00010943266209538879,7.68229903643148e-05,6.626460984420117e-05,8.981100178514107e-05,6.323861080748636e-05,0.0001126889246590652,0.00010202077636121988,0.00012817533801216018,0.00010466256083480696,0.0001479475403488663,7.482747145579095e-05,0.00015902344825884427,0.0001172383499301221,0.00011318724542463275,0.00010689613175076304,6.647084821986744e-05,0.00012030331114618852,0.00010256350078162789,0.00010888274649009838,0.00012031045852448314,0.00010669503334714432,0.00015230537521592326,8.0343028374978e-05,0.00014326589649251835,7.654726106946194e-05,0.0001786806339915065,0.00014872474937913934,0.00010322224429519458,9.726984043504253e-05,8.318044452266045e-05,0.000118461901730564,7.093341195864041e-05,8.708481090881634e-05,0.00011077260135838732,0.0,0.000161100719789619,0.00017700469348563456
58,0.0002636323646890275,0.00011021325342825486,8.40180903687633e-05,0.00014650310966954266,6.604464957579848e-05,0.00017320276502850378,0.00015096781952632517,0.00013450835689675546,7.297320339744344e-05,0.0001260015553391751,9.995626229710162e-05,0.00011735801537666356,6.194386071258473e-05,0.0001323466472236357,0.00011334587919308247,0.00014988942377963755,6.494986975878679e-05,0.00012322049765191897,0.00013169501134848718,0.0001790878172169136,0.0001412366572321974,6.707934179532887e-05,6.354876293113646e-05,8.50644130280109e-05,9.715791465711626e-05,6.552857255971318e-05,9.408691611474405e-05,0.0001105942076945903,0.00013982238973510126,0.000186743444980218,0.00017525018158163054,0.00011705485241764371,0.00011107609122520878,0.00011118160577624746,8.259476189128796e-05,7.336845035962686e-05,7.733547728275995e-05,0.00015941676548383152,0.00016605259304024246,8.178490603784279e-05,6.530982699557713e-05,9.119662039821617e-05,0.00010030715039166314,0.0001370269865825848,9.942194068507098e-05,0.00011184272650905556,9.539124823921423e-05,0.0001314507481314977,6.86133507466894e-05,8.773521405946618e-05,9.776342474687918e-05,6.782124643146569e-05,0.0001367034241308057,0.00011821307273476942,0.00017739285611938612,8.999000634516072e-05,0.00012055321785434422,0.00022023255167872194,0.0,0.00018374511352897086
59,0.00019747317115698785,0.00010471351822864623,0.00014938287414597562,0.00011523843445934203,0.00016165911403253402,0.0001514768319287155,8.125604526451192e-05,0.00011812454375297798,7.390034523428585e-05,7.70887663749889e-05,7.861302257673897e-05,0.00011586379585698906,0.00011930973527747697,8.344556657375304e-05,8.067812595030322e-05,0.0001192519969738812,7.256242888994248e-05,7.144147818343113e-05,0.00014628854565530082,9.146527340268174e-05,0.00013272751635311222,0.00010692988076867416,0.00013793778926788133,0.00017944253872722937,0.0001576451922651757,0.00011547773990135867,7.774796149630614e-05,0.00010495430576329844,0.00013343221386582062,7.099168762971541e-05,6.59415081558831e-05,8.83339826019313e-05,0.00011270214114187543,0.00019078190324320406,0.00010463237582242334,6.750209298936844e-05,9.828010896919651e-05,0.00011306148812434165,8.120789958110874e-05,0.00011666447205752095,0.00016973811163347873,0.0002037546313320163,8.413471017090501e-05,0.00012210403193071875,0.00019870262874893249,9.19829572709012e-05,7.215989805221984e-05,0.00014132029586567084,0.00010225462169361449,0.00010941410124407335,0.00013842748566413163,0.00013899562608419414,0.00013815652205836017,0.00014522227973257025,0.00014286453237956267,7.864467098962408e-05,0.00018653403565691554,7.023423361966176e-05,7.17056271879353e-05,0.0
